,data_key,method,ndcg10,param,viewpoint
0,bike,crowdea_2,0.7854292402039754,,*viewpoint00
1,bike,crowdea_2,0.8164267392110971,,*viewpoint01
2,bike,crowdea_2,0.941498295603326,,*viewpoint05
3,bike,crowdea_2,0.7987232170391602,,*viewpoint07
4,bike,crowdea_2,0.8158168885246201,,*viewpoint08
5,bike,crowdea_2,0.8318903989095078,,*viewpoint10
6,bike,crowdea_2,0.6969009027250063,,*viewpoint11
7,bike,crowdea_2,0.9214265020414149,,*viewpoint21
8,bike,crowdea_2,0.7411176890936716,,*viewpoint26
9,bike,crowdea_2,0.8600593199881188,,*viewpoint29
10,bike,crowdea_2,0.8377508918111549,,*viewpoint43
11,bike,crowdea_2,0.9411101905531088,,*viewpoint44
12,bike,crowdea_2,0.9025908176066684,,*viewpoint49
13,bike,crowdea_2,0.8771572545920802,,*viewpoint50
14,bike,crowdea_2,0.823874299513289,,*viewpoint54
15,bike,crowdea_2,0.9027996280282462,,*viewpoint57
16,bike,crowdea_2,0.8788135705965314,,*viewpoint75
17,bike,crowdea_2,0.9061822030841508,,*viewpoint79
18,bike,crowdea_2,0.7920162437474967,,*viewpoint80
19,bike,crowdea_2,0.8028266041744855,,*viewpoint83
20,bike,crowdea_2,0.5989960396850216,,*viewpoint84
21,bike,crowdea_2,0.920927374143794,,*viewpoint85
22,bike,crowdea_2,0.9325366121411406,,*viewpoint91
23,bike,crowdea_2,0.9340383712047846,,*viewpoint93
24,bike,crowdea_2,0.8487376692067976,,*viewpoint96
25,bike,crowdea_2,0.8269548928955797,,*viewpoint97
26,bike,crowdea_2,0.8794837566466258,,*viewpoint99
27,bike,crowdea_3,0.791176117550917,,*viewpoint00
28,bike,crowdea_3,0.8357410394299583,,*viewpoint01
29,bike,crowdea_3,0.9563219360954572,,*viewpoint05
30,bike,crowdea_3,0.9213537272963128,,*viewpoint07
31,bike,crowdea_3,0.8358198749742753,,*viewpoint08
32,bike,crowdea_3,0.8694484379324753,,*viewpoint10
33,bike,crowdea_3,0.7806265688326809,,*viewpoint11
34,bike,crowdea_3,0.9218981536679259,,*viewpoint21
35,bike,crowdea_3,0.8977624978023873,,*viewpoint26
36,bike,crowdea_3,0.8709570022538414,,*viewpoint29
37,bike,crowdea_3,0.8786186278906681,,*viewpoint43
38,bike,crowdea_3,0.9659644403998456,,*viewpoint44
39,bike,crowdea_3,0.9134617991737404,,*viewpoint49
40,bike,crowdea_3,0.9011702011376406,,*viewpoint50
41,bike,crowdea_3,0.8468652665928567,,*viewpoint54
42,bike,crowdea_3,0.8951787300496759,,*viewpoint57
43,bike,crowdea_3,0.8947941875174533,,*viewpoint75
44,bike,crowdea_3,0.9235270617106291,,*viewpoint79
45,bike,crowdea_3,0.8227617572331956,,*viewpoint80
46,bike,crowdea_3,0.8641054949930734,,*viewpoint83
47,bike,crowdea_3,0.7198064021530087,,*viewpoint84
48,bike,crowdea_3,0.9255486601337459,,*viewpoint85
49,bike,crowdea_3,0.9363463391563184,,*viewpoint91
50,bike,crowdea_3,0.960997679336802,,*viewpoint93
51,bike,crowdea_3,0.8920569699096057,,*viewpoint96
52,bike,crowdea_3,0.8456186814859591,,*viewpoint97
53,bike,crowdea_3,0.8970997245031338,,*viewpoint99
54,bike,blade_chest_2_x,0.8175698740445734,0.001,*viewpoint00
55,bike,blade_chest_2_x,0.74836311648721,0.001,*viewpoint01
56,bike,blade_chest_2_x,0.8564254330232149,0.001,*viewpoint05
57,bike,blade_chest_2_x,0.8563726616156331,0.001,*viewpoint07
58,bike,blade_chest_2_x,0.8549286460804912,0.001,*viewpoint08
59,bike,blade_chest_2_x,0.7225087291901452,0.001,*viewpoint10
60,bike,blade_chest_2_x,0.6179635917786035,0.001,*viewpoint11
61,bike,blade_chest_2_x,0.8410216770278012,0.001,*viewpoint21
62,bike,blade_chest_2_x,0.6511424946727659,0.001,*viewpoint26
63,bike,blade_chest_2_x,0.8295808131742516,0.001,*viewpoint29
64,bike,blade_chest_2_x,0.7999826592523827,0.001,*viewpoint43
65,bike,blade_chest_2_x,0.7710140682301113,0.001,*viewpoint44
66,bike,blade_chest_2_x,0.8827216897687309,0.001,*viewpoint49
67,bike,blade_chest_2_x,0.8474702341555369,0.001,*viewpoint50
68,bike,blade_chest_2_x,0.8761257180390724,0.001,*viewpoint54
69,bike,blade_chest_2_x,0.9106297818728571,0.001,*viewpoint57
70,bike,blade_chest_2_x,0.7296539364362248,0.001,*viewpoint75
71,bike,blade_chest_2_x,0.882377095153756,0.001,*viewpoint79
72,bike,blade_chest_2_x,0.8195759976705015,0.001,*viewpoint80
73,bike,blade_chest_2_x,0.7823936448488821,0.001,*viewpoint83
74,bike,blade_chest_2_x,0.4698864735525347,0.001,*viewpoint84
75,bike,blade_chest_2_x,0.837201652502058,0.001,*viewpoint85
76,bike,blade_chest_2_x,0.8656838495877959,0.001,*viewpoint91
77,bike,blade_chest_2_x,0.6783133441220301,0.001,*viewpoint93
78,bike,blade_chest_2_x,0.8726548435259426,0.001,*viewpoint96
79,bike,blade_chest_2_x,0.8442295712049517,0.001,*viewpoint97
80,bike,blade_chest_2_x,0.8409766628756947,0.001,*viewpoint99
81,bike,blade_chest_2_x,0.7448740838908567,0.01,*viewpoint00
82,bike,blade_chest_2_x,0.7131784536925129,0.01,*viewpoint01
83,bike,blade_chest_2_x,0.8888506112968579,0.01,*viewpoint05
84,bike,blade_chest_2_x,0.8544086274738109,0.01,*viewpoint07
85,bike,blade_chest_2_x,0.7851984037417388,0.01,*viewpoint08
86,bike,blade_chest_2_x,0.7790608382503414,0.01,*viewpoint10
87,bike,blade_chest_2_x,0.5799299385323125,0.01,*viewpoint11
88,bike,blade_chest_2_x,0.7875473161364354,0.01,*viewpoint21
89,bike,blade_chest_2_x,0.6402434175394205,0.01,*viewpoint26
90,bike,blade_chest_2_x,0.8311733766106612,0.01,*viewpoint29
91,bike,blade_chest_2_x,0.7698688642287537,0.01,*viewpoint43
92,bike,blade_chest_2_x,0.7086359621235618,0.01,*viewpoint44
93,bike,blade_chest_2_x,0.8009177180644059,0.01,*viewpoint49
94,bike,blade_chest_2_x,0.8147736138524286,0.01,*viewpoint50
95,bike,blade_chest_2_x,0.8575667577483709,0.01,*viewpoint54
96,bike,blade_chest_2_x,0.9020181526563588,0.01,*viewpoint57
97,bike,blade_chest_2_x,0.7146252225856174,0.01,*viewpoint75
98,bike,blade_chest_2_x,0.8543636955535282,0.01,*viewpoint79
99,bike,blade_chest_2_x,0.8167100716806912,0.01,*viewpoint80
100,bike,blade_chest_2_x,0.7469359712952592,0.01,*viewpoint83
101,bike,blade_chest_2_x,0.4324220643107685,0.01,*viewpoint84
102,bike,blade_chest_2_x,0.8232464255502091,0.01,*viewpoint85
103,bike,blade_chest_2_x,0.8681696274151871,0.01,*viewpoint91
104,bike,blade_chest_2_x,0.6282027341753343,0.01,*viewpoint93
105,bike,blade_chest_2_x,0.8461498265964568,0.01,*viewpoint96
106,bike,blade_chest_2_x,0.8167356080672871,0.01,*viewpoint97
107,bike,blade_chest_2_x,0.8346879488406368,0.01,*viewpoint99
108,bike,blade_chest_2_x,0.7662592744557573,0.1,*viewpoint00
109,bike,blade_chest_2_x,0.7268018414813991,0.1,*viewpoint01
110,bike,blade_chest_2_x,0.8838635112895747,0.1,*viewpoint05
111,bike,blade_chest_2_x,0.8547296311401229,0.1,*viewpoint07
112,bike,blade_chest_2_x,0.7431352010569989,0.1,*viewpoint08
113,bike,blade_chest_2_x,0.8072633282397783,0.1,*viewpoint10
114,bike,blade_chest_2_x,0.5549438566130077,0.1,*viewpoint11
115,bike,blade_chest_2_x,0.8158383029840671,0.1,*viewpoint21
116,bike,blade_chest_2_x,0.6395041553416746,0.1,*viewpoint26
117,bike,blade_chest_2_x,0.8035395589265122,0.1,*viewpoint29
118,bike,blade_chest_2_x,0.7577199372897352,0.1,*viewpoint43
119,bike,blade_chest_2_x,0.7302477163159135,0.1,*viewpoint44
120,bike,blade_chest_2_x,0.7925406966288493,0.1,*viewpoint49
121,bike,blade_chest_2_x,0.7924340465066864,0.1,*viewpoint50
122,bike,blade_chest_2_x,0.8577824992765388,0.1,*viewpoint54
123,bike,blade_chest_2_x,0.8873349343749604,0.1,*viewpoint57
124,bike,blade_chest_2_x,0.7576699093283059,0.1,*viewpoint75
125,bike,blade_chest_2_x,0.8812144104176551,0.1,*viewpoint79
126,bike,blade_chest_2_x,0.7778840567535336,0.1,*viewpoint80
127,bike,blade_chest_2_x,0.7379175751732178,0.1,*viewpoint83
128,bike,blade_chest_2_x,0.4313314364086915,0.1,*viewpoint84
129,bike,blade_chest_2_x,0.8580226132679786,0.1,*viewpoint85
130,bike,blade_chest_2_x,0.8753541145415242,0.1,*viewpoint91
131,bike,blade_chest_2_x,0.5907325655428716,0.1,*viewpoint93
132,bike,blade_chest_2_x,0.8431875451164842,0.1,*viewpoint96
133,bike,blade_chest_2_x,0.7924661042844299,0.1,*viewpoint97
134,bike,blade_chest_2_x,0.8585645005917804,0.1,*viewpoint99
135,bike,blade_chest_3_x,0.7989569952310664,0.001,*viewpoint00
136,bike,blade_chest_3_x,0.7547285010544056,0.001,*viewpoint01
137,bike,blade_chest_3_x,0.9008179162105806,0.001,*viewpoint05
138,bike,blade_chest_3_x,0.8520939864576594,0.001,*viewpoint07
139,bike,blade_chest_3_x,0.8052755032551019,0.001,*viewpoint08
140,bike,blade_chest_3_x,0.8179918924117805,0.001,*viewpoint10
141,bike,blade_chest_3_x,0.6617491337581416,0.001,*viewpoint11
142,bike,blade_chest_3_x,0.8629238972259584,0.001,*viewpoint21
143,bike,blade_chest_3_x,0.8418546046391023,0.001,*viewpoint26
144,bike,blade_chest_3_x,0.8775783112362322,0.001,*viewpoint29
145,bike,blade_chest_3_x,0.7891524673581725,0.001,*viewpoint43
146,bike,blade_chest_3_x,0.8394083264363704,0.001,*viewpoint44
147,bike,blade_chest_3_x,0.8905607356279163,0.001,*viewpoint49
148,bike,blade_chest_3_x,0.8022544574304251,0.001,*viewpoint50
149,bike,blade_chest_3_x,0.850048628141592,0.001,*viewpoint54
150,bike,blade_chest_3_x,0.8798309793068364,0.001,*viewpoint57
151,bike,blade_chest_3_x,0.8219455216820434,0.001,*viewpoint75
152,bike,blade_chest_3_x,0.9117140568799648,0.001,*viewpoint79
153,bike,blade_chest_3_x,0.7614334659159534,0.001,*viewpoint80
154,bike,blade_chest_3_x,0.7764597216746206,0.001,*viewpoint83
155,bike,blade_chest_3_x,0.6220758911443317,0.001,*viewpoint84
156,bike,blade_chest_3_x,0.9257115050085448,0.001,*viewpoint85
157,bike,blade_chest_3_x,0.9017772491899364,0.001,*viewpoint91
158,bike,blade_chest_3_x,0.7926785191756662,0.001,*viewpoint93
159,bike,blade_chest_3_x,0.8467689444856166,0.001,*viewpoint96
160,bike,blade_chest_3_x,0.8477800436301229,0.001,*viewpoint97
161,bike,blade_chest_3_x,0.8947561748802465,0.001,*viewpoint99
162,bike,blade_chest_3_x,0.8057837789269825,0.01,*viewpoint00
163,bike,blade_chest_3_x,0.6957228913740882,0.01,*viewpoint01
164,bike,blade_chest_3_x,0.8776308561509316,0.01,*viewpoint05
165,bike,blade_chest_3_x,0.8204053144326747,0.01,*viewpoint07
166,bike,blade_chest_3_x,0.7524161078791916,0.01,*viewpoint08
167,bike,blade_chest_3_x,0.7733943848234167,0.01,*viewpoint10
168,bike,blade_chest_3_x,0.6179291514255997,0.01,*viewpoint11
169,bike,blade_chest_3_x,0.838495571457702,0.01,*viewpoint21
170,bike,blade_chest_3_x,0.7220778260975297,0.01,*viewpoint26
171,bike,blade_chest_3_x,0.8574323287286841,0.01,*viewpoint29
172,bike,blade_chest_3_x,0.7472324315537588,0.01,*viewpoint43
173,bike,blade_chest_3_x,0.7574882043545428,0.01,*viewpoint44
174,bike,blade_chest_3_x,0.8110416041373235,0.01,*viewpoint49
175,bike,blade_chest_3_x,0.7752728542904049,0.01,*viewpoint50
176,bike,blade_chest_3_x,0.8551358117146884,0.01,*viewpoint54
177,bike,blade_chest_3_x,0.8550991586112019,0.01,*viewpoint57
178,bike,blade_chest_3_x,0.8001047723887479,0.01,*viewpoint75
179,bike,blade_chest_3_x,0.8830250618248804,0.01,*viewpoint79
180,bike,blade_chest_3_x,0.7993246227147217,0.01,*viewpoint80
181,bike,blade_chest_3_x,0.7692050932935538,0.01,*viewpoint83
182,bike,blade_chest_3_x,0.5527196314511305,0.01,*viewpoint84
183,bike,blade_chest_3_x,0.8893002843199441,0.01,*viewpoint85
184,bike,blade_chest_3_x,0.8880943073065941,0.01,*viewpoint91
185,bike,blade_chest_3_x,0.6539736252990777,0.01,*viewpoint93
186,bike,blade_chest_3_x,0.8292995987994719,0.01,*viewpoint96
187,bike,blade_chest_3_x,0.7872049433479198,0.01,*viewpoint97
188,bike,blade_chest_3_x,0.8890781728818128,0.01,*viewpoint99
189,bike,blade_chest_3_x,0.7625258727472258,0.1,*viewpoint00
190,bike,blade_chest_3_x,0.7548741777280025,0.1,*viewpoint01
191,bike,blade_chest_3_x,0.8256165636619093,0.1,*viewpoint05
192,bike,blade_chest_3_x,0.8482152681162249,0.1,*viewpoint07
193,bike,blade_chest_3_x,0.7182576525560819,0.1,*viewpoint08
194,bike,blade_chest_3_x,0.7905033606757279,0.1,*viewpoint10
195,bike,blade_chest_3_x,0.6935040698546034,0.1,*viewpoint11
196,bike,blade_chest_3_x,0.8465288871078811,0.1,*viewpoint21
197,bike,blade_chest_3_x,0.6547217326284985,0.1,*viewpoint26
198,bike,blade_chest_3_x,0.8085796281595726,0.1,*viewpoint29
199,bike,blade_chest_3_x,0.7234442808719895,0.1,*viewpoint43
200,bike,blade_chest_3_x,0.7466524747726365,0.1,*viewpoint44
201,bike,blade_chest_3_x,0.7936943913030858,0.1,*viewpoint49
202,bike,blade_chest_3_x,0.8420250725026472,0.1,*viewpoint50
203,bike,blade_chest_3_x,0.8692086213534801,0.1,*viewpoint54
204,bike,blade_chest_3_x,0.8364090875253085,0.1,*viewpoint57
205,bike,blade_chest_3_x,0.7707268225648514,0.1,*viewpoint75
206,bike,blade_chest_3_x,0.8810263596471796,0.1,*viewpoint79
207,bike,blade_chest_3_x,0.8118991129811349,0.1,*viewpoint80
208,bike,blade_chest_3_x,0.778065665747779,0.1,*viewpoint83
209,bike,blade_chest_3_x,0.6134102847638977,0.1,*viewpoint84
210,bike,blade_chest_3_x,0.9098105619196056,0.1,*viewpoint85
211,bike,blade_chest_3_x,0.8425620408140023,0.1,*viewpoint91
212,bike,blade_chest_3_x,0.6275925990108202,0.1,*viewpoint93
213,bike,blade_chest_3_x,0.7751894154936599,0.1,*viewpoint96
214,bike,blade_chest_3_x,0.7666319786495441,0.1,*viewpoint97
215,bike,blade_chest_3_x,0.906105201740078,0.1,*viewpoint99
216,bike,blade_chest_2_y,0.7101592444920093,0.001,*viewpoint00
217,bike,blade_chest_2_y,0.6963021460187313,0.001,*viewpoint01
218,bike,blade_chest_2_y,0.7779303592384857,0.001,*viewpoint05
219,bike,blade_chest_2_y,0.8888875403158157,0.001,*viewpoint07
220,bike,blade_chest_2_y,0.6053431867993092,0.001,*viewpoint08
221,bike,blade_chest_2_y,0.6803519297064518,0.001,*viewpoint10
222,bike,blade_chest_2_y,0.4819982793777697,0.001,*viewpoint11
223,bike,blade_chest_2_y,0.7196080094427066,0.001,*viewpoint21
224,bike,blade_chest_2_y,0.591181297911256,0.001,*viewpoint26
225,bike,blade_chest_2_y,0.8889772444916607,0.001,*viewpoint29
226,bike,blade_chest_2_y,0.5719061873329955,0.001,*viewpoint43
227,bike,blade_chest_2_y,0.6108164749232459,0.001,*viewpoint44
228,bike,blade_chest_2_y,0.6835155826127839,0.001,*viewpoint49
229,bike,blade_chest_2_y,0.6328854756180269,0.001,*viewpoint50
230,bike,blade_chest_2_y,0.8230507391590531,0.001,*viewpoint54
231,bike,blade_chest_2_y,0.7396599139781348,0.001,*viewpoint57
232,bike,blade_chest_2_y,0.6717939130783313,0.001,*viewpoint75
233,bike,blade_chest_2_y,0.7673969882402193,0.001,*viewpoint79
234,bike,blade_chest_2_y,0.8038141335059509,0.001,*viewpoint80
235,bike,blade_chest_2_y,0.7335401474719029,0.001,*viewpoint83
236,bike,blade_chest_2_y,0.4194871198031125,0.001,*viewpoint84
237,bike,blade_chest_2_y,0.7039604940286813,0.001,*viewpoint85
238,bike,blade_chest_2_y,0.8277460529795251,0.001,*viewpoint91
239,bike,blade_chest_2_y,0.4414974826892752,0.001,*viewpoint93
240,bike,blade_chest_2_y,0.6622270672543118,0.001,*viewpoint96
241,bike,blade_chest_2_y,0.6777336620064044,0.001,*viewpoint97
242,bike,blade_chest_2_y,0.8350247351258101,0.001,*viewpoint99
243,bike,blade_chest_2_y,0.7429283807478306,0.01,*viewpoint00
244,bike,blade_chest_2_y,0.6650098026620275,0.01,*viewpoint01
245,bike,blade_chest_2_y,0.8749916089107037,0.01,*viewpoint05
246,bike,blade_chest_2_y,0.869667642468946,0.01,*viewpoint07
247,bike,blade_chest_2_y,0.7116569570111172,0.01,*viewpoint08
248,bike,blade_chest_2_y,0.792296719321557,0.01,*viewpoint10
249,bike,blade_chest_2_y,0.5399428922989715,0.01,*viewpoint11
250,bike,blade_chest_2_y,0.7949549671266367,0.01,*viewpoint21
251,bike,blade_chest_2_y,0.5995735718631995,0.01,*viewpoint26
252,bike,blade_chest_2_y,0.8217666018552678,0.01,*viewpoint29
253,bike,blade_chest_2_y,0.6892172388357931,0.01,*viewpoint43
254,bike,blade_chest_2_y,0.7393582179824325,0.01,*viewpoint44
255,bike,blade_chest_2_y,0.7635813077219733,0.01,*viewpoint49
256,bike,blade_chest_2_y,0.7096463393559922,0.01,*viewpoint50
257,bike,blade_chest_2_y,0.8329371976990008,0.01,*viewpoint54
258,bike,blade_chest_2_y,0.8548277580707534,0.01,*viewpoint57
259,bike,blade_chest_2_y,0.7245038732156055,0.01,*viewpoint75
260,bike,blade_chest_2_y,0.839165448193726,0.01,*viewpoint79
261,bike,blade_chest_2_y,0.7941520291026744,0.01,*viewpoint80
262,bike,blade_chest_2_y,0.7319581718833341,0.01,*viewpoint83
263,bike,blade_chest_2_y,0.423851400137741,0.01,*viewpoint84
264,bike,blade_chest_2_y,0.8183118387041071,0.01,*viewpoint85
265,bike,blade_chest_2_y,0.8803740764990254,0.01,*viewpoint91
266,bike,blade_chest_2_y,0.5711734795735874,0.01,*viewpoint93
267,bike,blade_chest_2_y,0.7981508955811871,0.01,*viewpoint96
268,bike,blade_chest_2_y,0.7763782667593263,0.01,*viewpoint97
269,bike,blade_chest_2_y,0.8715405484503008,0.01,*viewpoint99
270,bike,blade_chest_2_y,0.7709748893021492,0.1,*viewpoint00
271,bike,blade_chest_2_y,0.7003880877350566,0.1,*viewpoint01
272,bike,blade_chest_2_y,0.8890363456605384,0.1,*viewpoint05
273,bike,blade_chest_2_y,0.8520995849196733,0.1,*viewpoint07
274,bike,blade_chest_2_y,0.7427358214931246,0.1,*viewpoint08
275,bike,blade_chest_2_y,0.8060432014540267,0.1,*viewpoint10
276,bike,blade_chest_2_y,0.5488803057847164,0.1,*viewpoint11
277,bike,blade_chest_2_y,0.8133376176358609,0.1,*viewpoint21
278,bike,blade_chest_2_y,0.6325348077641889,0.1,*viewpoint26
279,bike,blade_chest_2_y,0.798030825742597,0.1,*viewpoint29
280,bike,blade_chest_2_y,0.7278484109910849,0.1,*viewpoint43
281,bike,blade_chest_2_y,0.7243954898397813,0.1,*viewpoint44
282,bike,blade_chest_2_y,0.7739143962989111,0.1,*viewpoint49
283,bike,blade_chest_2_y,0.785367064812147,0.1,*viewpoint50
284,bike,blade_chest_2_y,0.8435796135554936,0.1,*viewpoint54
285,bike,blade_chest_2_y,0.8633923160981926,0.1,*viewpoint57
286,bike,blade_chest_2_y,0.7373344700108979,0.1,*viewpoint75
287,bike,blade_chest_2_y,0.8789714133948052,0.1,*viewpoint79
288,bike,blade_chest_2_y,0.8177424833028625,0.1,*viewpoint80
289,bike,blade_chest_2_y,0.7824369750095926,0.1,*viewpoint83
290,bike,blade_chest_2_y,0.4293856682293309,0.1,*viewpoint84
291,bike,blade_chest_2_y,0.840349085574456,0.1,*viewpoint85
292,bike,blade_chest_2_y,0.8647091683625006,0.1,*viewpoint91
293,bike,blade_chest_2_y,0.5889283517437671,0.1,*viewpoint93
294,bike,blade_chest_2_y,0.8021366081967064,0.1,*viewpoint96
295,bike,blade_chest_2_y,0.7924150382372358,0.1,*viewpoint97
296,bike,blade_chest_2_y,0.8458411696578606,0.1,*viewpoint99
297,bike,blade_chest_3_y,0.8081974544007471,0.001,*viewpoint00
298,bike,blade_chest_3_y,0.6514947889573182,0.001,*viewpoint01
299,bike,blade_chest_3_y,0.8349986229316747,0.001,*viewpoint05
300,bike,blade_chest_3_y,0.8195803578839046,0.001,*viewpoint07
301,bike,blade_chest_3_y,0.6061813031907969,0.001,*viewpoint08
302,bike,blade_chest_3_y,0.7068428573384438,0.001,*viewpoint10
303,bike,blade_chest_3_y,0.5390045282217253,0.001,*viewpoint11
304,bike,blade_chest_3_y,0.7830343268202776,0.001,*viewpoint21
305,bike,blade_chest_3_y,0.621135949053106,0.001,*viewpoint26
306,bike,blade_chest_3_y,0.9062103597611556,0.001,*viewpoint29
307,bike,blade_chest_3_y,0.5782043571334717,0.001,*viewpoint43
308,bike,blade_chest_3_y,0.6498004981926394,0.001,*viewpoint44
309,bike,blade_chest_3_y,0.6771476883302263,0.001,*viewpoint49
310,bike,blade_chest_3_y,0.6762776534124896,0.001,*viewpoint50
311,bike,blade_chest_3_y,0.9190732370312984,0.001,*viewpoint54
312,bike,blade_chest_3_y,0.8202427796282742,0.001,*viewpoint57
313,bike,blade_chest_3_y,0.7467539453131309,0.001,*viewpoint75
314,bike,blade_chest_3_y,0.800838060087968,0.001,*viewpoint79
315,bike,blade_chest_3_y,0.8383611999134633,0.001,*viewpoint80
316,bike,blade_chest_3_y,0.8020343732539236,0.001,*viewpoint83
317,bike,blade_chest_3_y,0.4978753000487144,0.001,*viewpoint84
318,bike,blade_chest_3_y,0.8076837899169579,0.001,*viewpoint85
319,bike,blade_chest_3_y,0.8463157406083164,0.001,*viewpoint91
320,bike,blade_chest_3_y,0.5113709912685707,0.001,*viewpoint93
321,bike,blade_chest_3_y,0.7035357641115112,0.001,*viewpoint96
322,bike,blade_chest_3_y,0.7366210239841479,0.001,*viewpoint97
323,bike,blade_chest_3_y,0.8399806392649878,0.001,*viewpoint99
324,bike,blade_chest_3_y,0.8187262512531382,0.01,*viewpoint00
325,bike,blade_chest_3_y,0.6527168101037605,0.01,*viewpoint01
326,bike,blade_chest_3_y,0.8584891612388338,0.01,*viewpoint05
327,bike,blade_chest_3_y,0.8374348928395995,0.01,*viewpoint07
328,bike,blade_chest_3_y,0.651645803573533,0.01,*viewpoint08
329,bike,blade_chest_3_y,0.7679877966032542,0.01,*viewpoint10
330,bike,blade_chest_3_y,0.6055033244371989,0.01,*viewpoint11
331,bike,blade_chest_3_y,0.8238004641226332,0.01,*viewpoint21
332,bike,blade_chest_3_y,0.6317895350426214,0.01,*viewpoint26
333,bike,blade_chest_3_y,0.8945834812025061,0.01,*viewpoint29
334,bike,blade_chest_3_y,0.6368196890909241,0.01,*viewpoint43
335,bike,blade_chest_3_y,0.7557706788280258,0.01,*viewpoint44
336,bike,blade_chest_3_y,0.7207366961874173,0.01,*viewpoint49
337,bike,blade_chest_3_y,0.73250003430374,0.01,*viewpoint50
338,bike,blade_chest_3_y,0.9089323135626662,0.01,*viewpoint54
339,bike,blade_chest_3_y,0.8417654483360794,0.01,*viewpoint57
340,bike,blade_chest_3_y,0.7869372314878703,0.01,*viewpoint75
341,bike,blade_chest_3_y,0.8449104014827403,0.01,*viewpoint79
342,bike,blade_chest_3_y,0.8348914660418871,0.01,*viewpoint80
343,bike,blade_chest_3_y,0.8156635536481971,0.01,*viewpoint83
344,bike,blade_chest_3_y,0.5207207318538702,0.01,*viewpoint84
345,bike,blade_chest_3_y,0.8461513628892511,0.01,*viewpoint85
346,bike,blade_chest_3_y,0.8649440831276617,0.01,*viewpoint91
347,bike,blade_chest_3_y,0.5805747840345226,0.01,*viewpoint93
348,bike,blade_chest_3_y,0.745987314900409,0.01,*viewpoint96
349,bike,blade_chest_3_y,0.7515414365053874,0.01,*viewpoint97
350,bike,blade_chest_3_y,0.8526183295475602,0.01,*viewpoint99
351,bike,blade_chest_3_y,0.7863302788154838,0.1,*viewpoint00
352,bike,blade_chest_3_y,0.7421261913585341,0.1,*viewpoint01
353,bike,blade_chest_3_y,0.833469648138119,0.1,*viewpoint05
354,bike,blade_chest_3_y,0.8472803117092876,0.1,*viewpoint07
355,bike,blade_chest_3_y,0.7402469052944457,0.1,*viewpoint08
356,bike,blade_chest_3_y,0.8061920007577873,0.1,*viewpoint10
357,bike,blade_chest_3_y,0.6874498166868345,0.1,*viewpoint11
358,bike,blade_chest_3_y,0.842233724726554,0.1,*viewpoint21
359,bike,blade_chest_3_y,0.6558931000841429,0.1,*viewpoint26
360,bike,blade_chest_3_y,0.8337520287232629,0.1,*viewpoint29
361,bike,blade_chest_3_y,0.7075422716147259,0.1,*viewpoint43
362,bike,blade_chest_3_y,0.7286919127802689,0.1,*viewpoint44
363,bike,blade_chest_3_y,0.7768157718945964,0.1,*viewpoint49
364,bike,blade_chest_3_y,0.8317791240874626,0.1,*viewpoint50
365,bike,blade_chest_3_y,0.8947830421388009,0.1,*viewpoint54
366,bike,blade_chest_3_y,0.8549489561190788,0.1,*viewpoint57
367,bike,blade_chest_3_y,0.7584889855706755,0.1,*viewpoint75
368,bike,blade_chest_3_y,0.8826513089322258,0.1,*viewpoint79
369,bike,blade_chest_3_y,0.8220140663867812,0.1,*viewpoint80
370,bike,blade_chest_3_y,0.8250727022479746,0.1,*viewpoint83
371,bike,blade_chest_3_y,0.6117047013906687,0.1,*viewpoint84
372,bike,blade_chest_3_y,0.9121612157224792,0.1,*viewpoint85
373,bike,blade_chest_3_y,0.8462022228745278,0.1,*viewpoint91
374,bike,blade_chest_3_y,0.6216025295853261,0.1,*viewpoint93
375,bike,blade_chest_3_y,0.773657274875754,0.1,*viewpoint96
376,bike,blade_chest_3_y,0.7659065974069282,0.1,*viewpoint97
377,bike,blade_chest_3_y,0.8960838957210204,0.1,*viewpoint99
378,bike,bpr_2,0.7549541547439693,0.001,*viewpoint00
379,bike,bpr_2,0.7793953440891936,0.001,*viewpoint01
380,bike,bpr_2,0.9398954663374656,0.001,*viewpoint05
381,bike,bpr_2,0.7951562759349994,0.001,*viewpoint07
382,bike,bpr_2,0.7694161618944596,0.001,*viewpoint08
383,bike,bpr_2,0.8380835870433622,0.001,*viewpoint10
384,bike,bpr_2,0.6021346230699486,0.001,*viewpoint11
385,bike,bpr_2,0.9243971686822252,0.001,*viewpoint21
386,bike,bpr_2,0.7020028669926999,0.001,*viewpoint26
387,bike,bpr_2,0.8642188199913341,0.001,*viewpoint29
388,bike,bpr_2,0.7727310178107305,0.001,*viewpoint43
389,bike,bpr_2,0.9396091302334032,0.001,*viewpoint44
390,bike,bpr_2,0.8951283388944979,0.001,*viewpoint49
391,bike,bpr_2,0.8309378975589388,0.001,*viewpoint50
392,bike,bpr_2,0.881929762227242,0.001,*viewpoint54
393,bike,bpr_2,0.8616883935281422,0.001,*viewpoint57
394,bike,bpr_2,0.8906393928727172,0.001,*viewpoint75
395,bike,bpr_2,0.8852541335753622,0.001,*viewpoint79
396,bike,bpr_2,0.7161377263296268,0.001,*viewpoint80
397,bike,bpr_2,0.8665383836361348,0.001,*viewpoint83
398,bike,bpr_2,0.4868037410076522,0.001,*viewpoint84
399,bike,bpr_2,0.904596800962834,0.001,*viewpoint85
400,bike,bpr_2,0.9372675551717288,0.001,*viewpoint91
401,bike,bpr_2,0.9307111952535888,0.001,*viewpoint93
402,bike,bpr_2,0.7731857330495994,0.001,*viewpoint96
403,bike,bpr_2,0.8177413537701883,0.001,*viewpoint97
404,bike,bpr_2,0.9073299349157576,0.001,*viewpoint99
405,bike,bpr_2,0.7331713684259791,0.01,*viewpoint00
406,bike,bpr_2,0.7153955514543665,0.01,*viewpoint01
407,bike,bpr_2,0.9326766745029068,0.01,*viewpoint05
408,bike,bpr_2,0.807253618612537,0.01,*viewpoint07
409,bike,bpr_2,0.6962586305771674,0.01,*viewpoint08
410,bike,bpr_2,0.8316551947659679,0.01,*viewpoint10
411,bike,bpr_2,0.5861951619465887,0.01,*viewpoint11
412,bike,bpr_2,0.9241373145822166,0.01,*viewpoint21
413,bike,bpr_2,0.6681237472023712,0.01,*viewpoint26
414,bike,bpr_2,0.8663297670946938,0.01,*viewpoint29
415,bike,bpr_2,0.686277633652322,0.01,*viewpoint43
416,bike,bpr_2,0.9290446109754524,0.01,*viewpoint44
417,bike,bpr_2,0.852411072160855,0.01,*viewpoint49
418,bike,bpr_2,0.7555513946574371,0.01,*viewpoint50
419,bike,bpr_2,0.8935075598155374,0.01,*viewpoint54
420,bike,bpr_2,0.8307839866934241,0.01,*viewpoint57
421,bike,bpr_2,0.8702853845896004,0.01,*viewpoint75
422,bike,bpr_2,0.8755520776097584,0.01,*viewpoint79
423,bike,bpr_2,0.6742503380656771,0.01,*viewpoint80
424,bike,bpr_2,0.8741130129567668,0.01,*viewpoint83
425,bike,bpr_2,0.4378639868993387,0.01,*viewpoint84
426,bike,bpr_2,0.8983594463512269,0.01,*viewpoint85
427,bike,bpr_2,0.9251782021837056,0.01,*viewpoint91
428,bike,bpr_2,0.9041560208050601,0.01,*viewpoint93
429,bike,bpr_2,0.7174037158950834,0.01,*viewpoint96
430,bike,bpr_2,0.7907834151065243,0.01,*viewpoint97
431,bike,bpr_2,0.8983879856986886,0.01,*viewpoint99
432,bike,bpr_2,0.6399962632462424,0.1,*viewpoint00
433,bike,bpr_2,0.6617866195244538,0.1,*viewpoint01
434,bike,bpr_2,0.9183056278677708,0.1,*viewpoint05
435,bike,bpr_2,0.8076459847628746,0.1,*viewpoint07
436,bike,bpr_2,0.6290809898589971,0.1,*viewpoint08
437,bike,bpr_2,0.7824980141862731,0.1,*viewpoint10
438,bike,bpr_2,0.6132799056080418,0.1,*viewpoint11
439,bike,bpr_2,0.8799085448586014,0.1,*viewpoint21
440,bike,bpr_2,0.6596751627408638,0.1,*viewpoint26
441,bike,bpr_2,0.8602144754479539,0.1,*viewpoint29
442,bike,bpr_2,0.6021752030978292,0.1,*viewpoint43
443,bike,bpr_2,0.8552731585166851,0.1,*viewpoint44
444,bike,bpr_2,0.7788766071934047,0.1,*viewpoint49
445,bike,bpr_2,0.663692946003116,0.1,*viewpoint50
446,bike,bpr_2,0.8604997356815631,0.1,*viewpoint54
447,bike,bpr_2,0.8335762608066302,0.1,*viewpoint57
448,bike,bpr_2,0.8358627095018925,0.1,*viewpoint75
449,bike,bpr_2,0.8737971430450323,0.1,*viewpoint79
450,bike,bpr_2,0.7484441177054703,0.1,*viewpoint80
451,bike,bpr_2,0.8015469390683871,0.1,*viewpoint83
452,bike,bpr_2,0.4191406306691517,0.1,*viewpoint84
453,bike,bpr_2,0.881434860411697,0.1,*viewpoint85
454,bike,bpr_2,0.9039075824338021,0.1,*viewpoint91
455,bike,bpr_2,0.7377236665484123,0.1,*viewpoint93
456,bike,bpr_2,0.6765665428506316,0.1,*viewpoint96
457,bike,bpr_2,0.7341842044467101,0.1,*viewpoint97
458,bike,bpr_2,0.8922348422727419,0.1,*viewpoint99
459,bike,bpr_3,0.7073153104332504,0.001,*viewpoint00
460,bike,bpr_3,0.7390895307113801,0.001,*viewpoint01
461,bike,bpr_3,0.8072693641932631,0.001,*viewpoint05
462,bike,bpr_3,0.8204957196627263,0.001,*viewpoint07
463,bike,bpr_3,0.5328316522220682,0.001,*viewpoint08
464,bike,bpr_3,0.7673590770810464,0.001,*viewpoint10
465,bike,bpr_3,0.5388810793055747,0.001,*viewpoint11
466,bike,bpr_3,0.7420119740058819,0.001,*viewpoint21
467,bike,bpr_3,0.6119384224091395,0.001,*viewpoint26
468,bike,bpr_3,0.8828003924860193,0.001,*viewpoint29
469,bike,bpr_3,0.5851786519334969,0.001,*viewpoint43
470,bike,bpr_3,0.5390930957475619,0.001,*viewpoint44
471,bike,bpr_3,0.6999517297955333,0.001,*viewpoint49
472,bike,bpr_3,0.6259444368937672,0.001,*viewpoint50
473,bike,bpr_3,0.9336294851404208,0.001,*viewpoint54
474,bike,bpr_3,0.727960949791117,0.001,*viewpoint57
475,bike,bpr_3,0.7886198387751924,0.001,*viewpoint75
476,bike,bpr_3,0.7933757867288016,0.001,*viewpoint79
477,bike,bpr_3,0.8065899328242491,0.001,*viewpoint80
478,bike,bpr_3,0.8035834614101612,0.001,*viewpoint83
479,bike,bpr_3,0.514574220629895,0.001,*viewpoint84
480,bike,bpr_3,0.77352216006164,0.001,*viewpoint85
481,bike,bpr_3,0.8998849847376341,0.001,*viewpoint91
482,bike,bpr_3,0.4511783769365596,0.001,*viewpoint93
483,bike,bpr_3,0.6769136577444982,0.001,*viewpoint96
484,bike,bpr_3,0.6706077130545272,0.001,*viewpoint97
485,bike,bpr_3,0.8413959737623414,0.001,*viewpoint99
486,bike,bpr_3,0.7254565209035958,0.01,*viewpoint00
487,bike,bpr_3,0.7701051699457319,0.01,*viewpoint01
488,bike,bpr_3,0.8105602987833226,0.01,*viewpoint05
489,bike,bpr_3,0.8269712281152257,0.01,*viewpoint07
490,bike,bpr_3,0.5418942855140788,0.01,*viewpoint08
491,bike,bpr_3,0.7518038603169915,0.01,*viewpoint10
492,bike,bpr_3,0.5725894380280322,0.01,*viewpoint11
493,bike,bpr_3,0.7341369243671926,0.01,*viewpoint21
494,bike,bpr_3,0.6185360054686656,0.01,*viewpoint26
495,bike,bpr_3,0.8886746941994322,0.01,*viewpoint29
496,bike,bpr_3,0.6568175235226505,0.01,*viewpoint43
497,bike,bpr_3,0.5574715922562828,0.01,*viewpoint44
498,bike,bpr_3,0.7482874356198654,0.01,*viewpoint49
499,bike,bpr_3,0.6748187501429539,0.01,*viewpoint50
500,bike,bpr_3,0.9361028768180554,0.01,*viewpoint54
501,bike,bpr_3,0.7392943267223078,0.01,*viewpoint57
502,bike,bpr_3,0.7625796464458203,0.01,*viewpoint75
503,bike,bpr_3,0.8256249240610218,0.01,*viewpoint79
504,bike,bpr_3,0.8263544504282492,0.01,*viewpoint80
505,bike,bpr_3,0.8606140361525245,0.01,*viewpoint83
506,bike,bpr_3,0.5416555296715609,0.01,*viewpoint84
507,bike,bpr_3,0.7894553074934388,0.01,*viewpoint85
508,bike,bpr_3,0.8924462317783282,0.01,*viewpoint91
509,bike,bpr_3,0.4608819055586795,0.01,*viewpoint93
510,bike,bpr_3,0.7399967503383114,0.01,*viewpoint96
511,bike,bpr_3,0.6997605535607234,0.01,*viewpoint97
512,bike,bpr_3,0.8513587103562971,0.01,*viewpoint99
513,bike,bpr_3,0.7587841140196131,0.1,*viewpoint00
514,bike,bpr_3,0.7738497421320424,0.1,*viewpoint01
515,bike,bpr_3,0.8383408362112259,0.1,*viewpoint05
516,bike,bpr_3,0.8365331681909742,0.1,*viewpoint07
517,bike,bpr_3,0.5737695757486129,0.1,*viewpoint08
518,bike,bpr_3,0.6840643207788405,0.1,*viewpoint10
519,bike,bpr_3,0.5887793516966733,0.1,*viewpoint11
520,bike,bpr_3,0.7543826987427126,0.1,*viewpoint21
521,bike,bpr_3,0.62959575745066,0.1,*viewpoint26
522,bike,bpr_3,0.9080548503321318,0.1,*viewpoint29
523,bike,bpr_3,0.7895651518628366,0.1,*viewpoint43
524,bike,bpr_3,0.5713612234309414,0.1,*viewpoint44
525,bike,bpr_3,0.8492977558669759,0.1,*viewpoint49
526,bike,bpr_3,0.7253127109501638,0.1,*viewpoint50
527,bike,bpr_3,0.9323779175807384,0.1,*viewpoint54
528,bike,bpr_3,0.7982728475893204,0.1,*viewpoint57
529,bike,bpr_3,0.6339173004357076,0.1,*viewpoint75
530,bike,bpr_3,0.8574793991302608,0.1,*viewpoint79
531,bike,bpr_3,0.8322383900996625,0.1,*viewpoint80
532,bike,bpr_3,0.8978749817982121,0.1,*viewpoint83
533,bike,bpr_3,0.5287544145036452,0.1,*viewpoint84
534,bike,bpr_3,0.8374816920028629,0.1,*viewpoint85
535,bike,bpr_3,0.8078616081129186,0.1,*viewpoint91
536,bike,bpr_3,0.4701143678381115,0.1,*viewpoint93
537,bike,bpr_3,0.8352996010510211,0.1,*viewpoint96
538,bike,bpr_3,0.753177385161615,0.1,*viewpoint97
539,bike,bpr_3,0.856304622036377,0.1,*viewpoint99
540,bike,crowdbt,0.7528213422118852,0.001,*viewpoint00
541,bike,crowdbt,0.7748567540247091,0.001,*viewpoint01
542,bike,crowdbt,0.9395779680710559,0.001,*viewpoint05
543,bike,crowdbt,0.7917475337631296,0.001,*viewpoint07
544,bike,crowdbt,0.7764664378341499,0.001,*viewpoint08
545,bike,crowdbt,0.7376277976166231,0.001,*viewpoint10
546,bike,crowdbt,0.6017982237492825,0.001,*viewpoint11
547,bike,crowdbt,0.9095471288318197,0.001,*viewpoint21
548,bike,crowdbt,0.7066447305474887,0.001,*viewpoint26
549,bike,crowdbt,0.8173974027755903,0.001,*viewpoint29
550,bike,crowdbt,0.7724598186077299,0.001,*viewpoint43
551,bike,crowdbt,0.9400163708046892,0.001,*viewpoint44
552,bike,crowdbt,0.8955435425146748,0.001,*viewpoint49
553,bike,crowdbt,0.8346994649557299,0.001,*viewpoint50
554,bike,crowdbt,0.7852736440542049,0.001,*viewpoint54
555,bike,crowdbt,0.8657936021410635,0.001,*viewpoint57
556,bike,crowdbt,0.8176838453664929,0.001,*viewpoint75
557,bike,crowdbt,0.8756597927914807,0.001,*viewpoint79
558,bike,crowdbt,0.7211669707933805,0.001,*viewpoint80
559,bike,crowdbt,0.7282325911857999,0.001,*viewpoint83
560,bike,crowdbt,0.4866604279807333,0.001,*viewpoint84
561,bike,crowdbt,0.8986997533431316,0.001,*viewpoint85
562,bike,crowdbt,0.9059529464165584,0.001,*viewpoint91
563,bike,crowdbt,0.9343576637299592,0.001,*viewpoint93
564,bike,crowdbt,0.7752132475798154,0.001,*viewpoint96
565,bike,crowdbt,0.8152653251982308,0.001,*viewpoint97
566,bike,crowdbt,0.8683363013658507,0.001,*viewpoint99
567,bike,crowdbt,0.7528213422118852,0.01,*viewpoint00
568,bike,crowdbt,0.7748567540247091,0.01,*viewpoint01
569,bike,crowdbt,0.9395779680710559,0.01,*viewpoint05
570,bike,crowdbt,0.7917475337631296,0.01,*viewpoint07
571,bike,crowdbt,0.7764664378341499,0.01,*viewpoint08
572,bike,crowdbt,0.7376277976166231,0.01,*viewpoint10
573,bike,crowdbt,0.6017982237492825,0.01,*viewpoint11
574,bike,crowdbt,0.9095471288318197,0.01,*viewpoint21
575,bike,crowdbt,0.7066447305474887,0.01,*viewpoint26
576,bike,crowdbt,0.8173974027755903,0.01,*viewpoint29
577,bike,crowdbt,0.7724598186077299,0.01,*viewpoint43
578,bike,crowdbt,0.9400163708046892,0.01,*viewpoint44
579,bike,crowdbt,0.8955435425146748,0.01,*viewpoint49
580,bike,crowdbt,0.8346994649557299,0.01,*viewpoint50
581,bike,crowdbt,0.7852736440542049,0.01,*viewpoint54
582,bike,crowdbt,0.8657936021410635,0.01,*viewpoint57
583,bike,crowdbt,0.8176838453664929,0.01,*viewpoint75
584,bike,crowdbt,0.8756597927914807,0.01,*viewpoint79
585,bike,crowdbt,0.7211669707933805,0.01,*viewpoint80
586,bike,crowdbt,0.7282325911857999,0.01,*viewpoint83
587,bike,crowdbt,0.4866604279807333,0.01,*viewpoint84
588,bike,crowdbt,0.8986997533431316,0.01,*viewpoint85
589,bike,crowdbt,0.9059529464165584,0.01,*viewpoint91
590,bike,crowdbt,0.9343576637299592,0.01,*viewpoint93
591,bike,crowdbt,0.7752132475798154,0.01,*viewpoint96
592,bike,crowdbt,0.8152653251982308,0.01,*viewpoint97
593,bike,crowdbt,0.8683363013658507,0.01,*viewpoint99
594,bike,crowdbt,0.7553085202795774,0.1,*viewpoint00
595,bike,crowdbt,0.7740817171371249,0.1,*viewpoint01
596,bike,crowdbt,0.9399988317002612,0.1,*viewpoint05
597,bike,crowdbt,0.7936433230136776,0.1,*viewpoint07
598,bike,crowdbt,0.7741769479861683,0.1,*viewpoint08
599,bike,crowdbt,0.7343151706942549,0.1,*viewpoint10
600,bike,crowdbt,0.6002559641385389,0.1,*viewpoint11
601,bike,crowdbt,0.9066697424405241,0.1,*viewpoint21
602,bike,crowdbt,0.7046453919271886,0.1,*viewpoint26
603,bike,crowdbt,0.8181933498491464,0.1,*viewpoint29
604,bike,crowdbt,0.7721254339738457,0.1,*viewpoint43
605,bike,crowdbt,0.9403678532441762,0.1,*viewpoint44
606,bike,crowdbt,0.8969162230332837,0.1,*viewpoint49
607,bike,crowdbt,0.8303874540172372,0.1,*viewpoint50
608,bike,crowdbt,0.7835434921440753,0.1,*viewpoint54
609,bike,crowdbt,0.8642087369078914,0.1,*viewpoint57
610,bike,crowdbt,0.8180692799992685,0.1,*viewpoint75
611,bike,crowdbt,0.8794617178373323,0.1,*viewpoint79
612,bike,crowdbt,0.7204559474644936,0.1,*viewpoint80
613,bike,crowdbt,0.7252976308948775,0.1,*viewpoint83
614,bike,crowdbt,0.4862123419118117,0.1,*viewpoint84
615,bike,crowdbt,0.9007696019742758,0.1,*viewpoint85
616,bike,crowdbt,0.9059529464165584,0.1,*viewpoint91
617,bike,crowdbt,0.9354192181050994,0.1,*viewpoint93
618,bike,crowdbt,0.7740693042924632,0.1,*viewpoint96
619,bike,crowdbt,0.8183882995663331,0.1,*viewpoint97
620,bike,crowdbt,0.8675207493657038,0.1,*viewpoint99
621,bike,bt,0.6654955467144102,0.001,*viewpoint00
622,bike,bt,0.6827187071092916,0.001,*viewpoint01
623,bike,bt,0.9197396837438632,0.001,*viewpoint05
624,bike,bt,0.8504660138484131,0.001,*viewpoint07
625,bike,bt,0.6918018807033308,0.001,*viewpoint08
626,bike,bt,0.7774139079398491,0.001,*viewpoint10
627,bike,bt,0.5267045069460399,0.001,*viewpoint11
628,bike,bt,0.9275036793626772,0.001,*viewpoint21
629,bike,bt,0.6470209192072158,0.001,*viewpoint26
630,bike,bt,0.8389400741927022,0.001,*viewpoint29
631,bike,bt,0.6499732487414376,0.001,*viewpoint43
632,bike,bt,0.9153367845534754,0.001,*viewpoint44
633,bike,bt,0.8207571595805441,0.001,*viewpoint49
634,bike,bt,0.7252143695232356,0.001,*viewpoint50
635,bike,bt,0.7536514410112447,0.001,*viewpoint54
636,bike,bt,0.8064144043855203,0.001,*viewpoint57
637,bike,bt,0.8357372146106099,0.001,*viewpoint75
638,bike,bt,0.8998689349757987,0.001,*viewpoint79
639,bike,bt,0.6822465761823486,0.001,*viewpoint80
640,bike,bt,0.7031742700458702,0.001,*viewpoint83
641,bike,bt,0.4266340111786533,0.001,*viewpoint84
642,bike,bt,0.8838767131386176,0.001,*viewpoint85
643,bike,bt,0.870305805860517,0.001,*viewpoint91
644,bike,bt,0.8506466891486523,0.001,*viewpoint93
645,bike,bt,0.7012836164053557,0.001,*viewpoint96
646,bike,bt,0.7660169616933307,0.001,*viewpoint97
647,bike,bt,0.8839955565389496,0.001,*viewpoint99
648,bike,bt,0.6748905104508051,0.01,*viewpoint00
649,bike,bt,0.6841825032780914,0.01,*viewpoint01
650,bike,bt,0.9181499308485184,0.01,*viewpoint05
651,bike,bt,0.8477806103344714,0.01,*viewpoint07
652,bike,bt,0.6982880490167406,0.01,*viewpoint08
653,bike,bt,0.7821062754987086,0.01,*viewpoint10
654,bike,bt,0.5310737577759029,0.01,*viewpoint11
655,bike,bt,0.9236219220247742,0.01,*viewpoint21
656,bike,bt,0.6498530013887985,0.01,*viewpoint26
657,bike,bt,0.8404433629980528,0.01,*viewpoint29
658,bike,bt,0.6556571569326974,0.01,*viewpoint43
659,bike,bt,0.9179921350616296,0.01,*viewpoint44
660,bike,bt,0.8181646062242909,0.01,*viewpoint49
661,bike,bt,0.7348391039309127,0.01,*viewpoint50
662,bike,bt,0.7552852921079221,0.01,*viewpoint54
663,bike,bt,0.8056660788240065,0.01,*viewpoint57
664,bike,bt,0.8357372146106099,0.01,*viewpoint75
665,bike,bt,0.8950818567473642,0.01,*viewpoint79
666,bike,bt,0.6869467089695589,0.01,*viewpoint80
667,bike,bt,0.7071336978377738,0.01,*viewpoint83
668,bike,bt,0.4257877202711012,0.01,*viewpoint84
669,bike,bt,0.885440425289511,0.01,*viewpoint85
670,bike,bt,0.8790441742741605,0.01,*viewpoint91
671,bike,bt,0.8546565608133336,0.01,*viewpoint93
672,bike,bt,0.7070450619250902,0.01,*viewpoint96
673,bike,bt,0.7674915359969929,0.01,*viewpoint97
674,bike,bt,0.887846347102587,0.01,*viewpoint99
675,bike,bt,0.6680661725627591,0.1,*viewpoint00
676,bike,bt,0.7022505749442421,0.1,*viewpoint01
677,bike,bt,0.9198289379251634,0.1,*viewpoint05
678,bike,bt,0.8353491153632182,0.1,*viewpoint07
679,bike,bt,0.6916246574406837,0.1,*viewpoint08
680,bike,bt,0.7813518514980161,0.1,*viewpoint10
681,bike,bt,0.5292164432125388,0.1,*viewpoint11
682,bike,bt,0.9178078089377302,0.1,*viewpoint21
683,bike,bt,0.6525385368182542,0.1,*viewpoint26
684,bike,bt,0.8291234104354653,0.1,*viewpoint29
685,bike,bt,0.6575051292225602,0.1,*viewpoint43
686,bike,bt,0.9281546755989328,0.1,*viewpoint44
687,bike,bt,0.8267416079684146,0.1,*viewpoint49
688,bike,bt,0.7427391044521275,0.1,*viewpoint50
689,bike,bt,0.7622986921976385,0.1,*viewpoint54
690,bike,bt,0.8065081973624195,0.1,*viewpoint57
691,bike,bt,0.8501231664942243,0.1,*viewpoint75
692,bike,bt,0.9037460309884968,0.1,*viewpoint79
693,bike,bt,0.6782467259370205,0.1,*viewpoint80
694,bike,bt,0.6944893395791578,0.1,*viewpoint83
695,bike,bt,0.42468824299929264,0.1,*viewpoint84
696,bike,bt,0.8790451929941271,0.1,*viewpoint85
697,bike,bt,0.8876859293443555,0.1,*viewpoint91
698,bike,bt,0.8759170893195513,0.1,*viewpoint93
699,bike,bt,0.6989233807244061,0.1,*viewpoint96
700,bike,bt,0.7581972791411878,0.1,*viewpoint97
701,bike,bt,0.8945518761556903,0.1,*viewpoint99
702,cheat,crowdea_2,0.6813190617627715,,*viewpoint10
703,cheat,crowdea_2,0.9435517865513552,,*viewpoint14
704,cheat,crowdea_2,0.9564949967888432,,*viewpoint16
705,cheat,crowdea_2,0.9219075706689968,,*viewpoint20
706,cheat,crowdea_2,0.8735862104175273,,*viewpoint21
707,cheat,crowdea_2,0.8999157375438738,,*viewpoint30
708,cheat,crowdea_2,0.9376662561608108,,*viewpoint32
709,cheat,crowdea_2,0.8684428233192961,,*viewpoint34
710,cheat,crowdea_2,0.9332217211504759,,*viewpoint42
711,cheat,crowdea_2,0.9451745516119766,,*viewpoint44
712,cheat,crowdea_2,0.950050306527763,,*viewpoint46
713,cheat,crowdea_2,0.6426551952935031,,*viewpoint61
714,cheat,crowdea_2,0.8863785845182618,,*viewpoint67
715,cheat,crowdea_2,0.8468063886735331,,*viewpoint69
716,cheat,crowdea_2,0.9095251668665544,,*viewpoint73
717,cheat,crowdea_2,0.6981643701706165,,*viewpoint75
718,cheat,crowdea_2,0.9079250393630128,,*viewpoint76
719,cheat,crowdea_2,0.9027724471723642,,*viewpoint77
720,cheat,crowdea_2,0.8658927255632484,,*viewpoint78
721,cheat,crowdea_2,0.7539369830319201,,*viewpoint81
722,cheat,crowdea_2,0.8965247897650003,,*viewpoint89
723,cheat,crowdea_2,0.5771709249181902,,*viewpoint98
724,cheat,crowdea_3,0.8214405334508573,,*viewpoint10
725,cheat,crowdea_3,0.9550582599319708,,*viewpoint14
726,cheat,crowdea_3,0.9743127195641228,,*viewpoint16
727,cheat,crowdea_3,0.9605758675924821,,*viewpoint20
728,cheat,crowdea_3,0.8877161971045922,,*viewpoint21
729,cheat,crowdea_3,0.9116942290684432,,*viewpoint30
730,cheat,crowdea_3,0.9554817534700784,,*viewpoint32
731,cheat,crowdea_3,0.8832878877247664,,*viewpoint34
732,cheat,crowdea_3,0.9490624329780364,,*viewpoint42
733,cheat,crowdea_3,0.9505671676988448,,*viewpoint44
734,cheat,crowdea_3,0.9538261739608944,,*viewpoint46
735,cheat,crowdea_3,0.71386851798804,,*viewpoint61
736,cheat,crowdea_3,0.9028990900229356,,*viewpoint67
737,cheat,crowdea_3,0.8563306641753966,,*viewpoint69
738,cheat,crowdea_3,0.9224594995873115,,*viewpoint73
739,cheat,crowdea_3,0.8427865360852754,,*viewpoint75
740,cheat,crowdea_3,0.9405650576613144,,*viewpoint76
741,cheat,crowdea_3,0.9211880370366458,,*viewpoint77
742,cheat,crowdea_3,0.9177908136062092,,*viewpoint78
743,cheat,crowdea_3,0.8265660514964844,,*viewpoint81
744,cheat,crowdea_3,0.9395788673352968,,*viewpoint89
745,cheat,crowdea_3,0.8108058497330851,,*viewpoint98
746,cheat,blade_chest_2_x,0.6510500194177841,0.001,*viewpoint10
747,cheat,blade_chest_2_x,0.9118292000501139,0.001,*viewpoint14
748,cheat,blade_chest_2_x,0.8363285575801457,0.001,*viewpoint16
749,cheat,blade_chest_2_x,0.8754343518712577,0.001,*viewpoint20
750,cheat,blade_chest_2_x,0.8875665367149073,0.001,*viewpoint21
751,cheat,blade_chest_2_x,0.8943473609708988,0.001,*viewpoint30
752,cheat,blade_chest_2_x,0.8534508525749951,0.001,*viewpoint32
753,cheat,blade_chest_2_x,0.8917002439560894,0.001,*viewpoint34
754,cheat,blade_chest_2_x,0.9486480341047874,0.001,*viewpoint42
755,cheat,blade_chest_2_x,0.7296472496624488,0.001,*viewpoint44
756,cheat,blade_chest_2_x,0.8990092435274057,0.001,*viewpoint46
757,cheat,blade_chest_2_x,0.6134995528761151,0.001,*viewpoint61
758,cheat,blade_chest_2_x,0.8619291661859428,0.001,*viewpoint67
759,cheat,blade_chest_2_x,0.7438070651501979,0.001,*viewpoint69
760,cheat,blade_chest_2_x,0.8737135398078874,0.001,*viewpoint73
761,cheat,blade_chest_2_x,0.7073796061533837,0.001,*viewpoint75
762,cheat,blade_chest_2_x,0.9315519282173882,0.001,*viewpoint76
763,cheat,blade_chest_2_x,0.8931232647715958,0.001,*viewpoint77
764,cheat,blade_chest_2_x,0.6205615915617559,0.001,*viewpoint78
765,cheat,blade_chest_2_x,0.7472718745499157,0.001,*viewpoint81
766,cheat,blade_chest_2_x,0.8710205022923464,0.001,*viewpoint89
767,cheat,blade_chest_2_x,0.5778258732319328,0.001,*viewpoint98
768,cheat,blade_chest_2_x,0.6582580298334753,0.01,*viewpoint10
769,cheat,blade_chest_2_x,0.9117945619660844,0.01,*viewpoint14
770,cheat,blade_chest_2_x,0.7852235254233721,0.01,*viewpoint16
771,cheat,blade_chest_2_x,0.8322329220799884,0.01,*viewpoint20
772,cheat,blade_chest_2_x,0.8764224630997077,0.01,*viewpoint21
773,cheat,blade_chest_2_x,0.8753327810927661,0.01,*viewpoint30
774,cheat,blade_chest_2_x,0.8594848116714332,0.01,*viewpoint32
775,cheat,blade_chest_2_x,0.8788298015893167,0.01,*viewpoint34
776,cheat,blade_chest_2_x,0.9403703434272792,0.01,*viewpoint42
777,cheat,blade_chest_2_x,0.6812414471182594,0.01,*viewpoint44
778,cheat,blade_chest_2_x,0.8703849160167415,0.01,*viewpoint46
779,cheat,blade_chest_2_x,0.5815532053301629,0.01,*viewpoint61
780,cheat,blade_chest_2_x,0.8922027646685864,0.01,*viewpoint67
781,cheat,blade_chest_2_x,0.7376568278574048,0.01,*viewpoint69
782,cheat,blade_chest_2_x,0.8683461094126252,0.01,*viewpoint73
783,cheat,blade_chest_2_x,0.7876159740118639,0.01,*viewpoint75
784,cheat,blade_chest_2_x,0.9236928699174586,0.01,*viewpoint76
785,cheat,blade_chest_2_x,0.8806947398341288,0.01,*viewpoint77
786,cheat,blade_chest_2_x,0.6490067955531822,0.01,*viewpoint78
787,cheat,blade_chest_2_x,0.7174096990745704,0.01,*viewpoint81
788,cheat,blade_chest_2_x,0.8201207126647949,0.01,*viewpoint89
789,cheat,blade_chest_2_x,0.6504282629050236,0.01,*viewpoint98
790,cheat,blade_chest_2_x,0.7011042458235881,0.1,*viewpoint10
791,cheat,blade_chest_2_x,0.9136591517396346,0.1,*viewpoint14
792,cheat,blade_chest_2_x,0.7671142921056758,0.1,*viewpoint16
793,cheat,blade_chest_2_x,0.8413485409773307,0.1,*viewpoint20
794,cheat,blade_chest_2_x,0.8801959563102665,0.1,*viewpoint21
795,cheat,blade_chest_2_x,0.8532774145562568,0.1,*viewpoint30
796,cheat,blade_chest_2_x,0.8310642640287045,0.1,*viewpoint32
797,cheat,blade_chest_2_x,0.8520206729843204,0.1,*viewpoint34
798,cheat,blade_chest_2_x,0.9199208172657618,0.1,*viewpoint42
799,cheat,blade_chest_2_x,0.6458738461556791,0.1,*viewpoint44
800,cheat,blade_chest_2_x,0.8634822504307751,0.1,*viewpoint46
801,cheat,blade_chest_2_x,0.6103860020388806,0.1,*viewpoint61
802,cheat,blade_chest_2_x,0.8996240797207633,0.1,*viewpoint67
803,cheat,blade_chest_2_x,0.7520132293851421,0.1,*viewpoint69
804,cheat,blade_chest_2_x,0.8787286761614742,0.1,*viewpoint73
805,cheat,blade_chest_2_x,0.7742101219417643,0.1,*viewpoint75
806,cheat,blade_chest_2_x,0.9145886609692642,0.1,*viewpoint76
807,cheat,blade_chest_2_x,0.8765847922597487,0.1,*viewpoint77
808,cheat,blade_chest_2_x,0.7201677744174398,0.1,*viewpoint78
809,cheat,blade_chest_2_x,0.7514484361576234,0.1,*viewpoint81
810,cheat,blade_chest_2_x,0.7880797800638729,0.1,*viewpoint89
811,cheat,blade_chest_2_x,0.6699760682963456,0.1,*viewpoint98
812,cheat,blade_chest_3_x,0.7342711724909471,0.001,*viewpoint10
813,cheat,blade_chest_3_x,0.9392519442726086,0.001,*viewpoint14
814,cheat,blade_chest_3_x,0.8832294559984131,0.001,*viewpoint16
815,cheat,blade_chest_3_x,0.8968692961663787,0.001,*viewpoint20
816,cheat,blade_chest_3_x,0.8864365616649771,0.001,*viewpoint21
817,cheat,blade_chest_3_x,0.8861157069447653,0.001,*viewpoint30
818,cheat,blade_chest_3_x,0.9045842490205659,0.001,*viewpoint32
819,cheat,blade_chest_3_x,0.8778343420525959,0.001,*viewpoint34
820,cheat,blade_chest_3_x,0.9379066228952804,0.001,*viewpoint42
821,cheat,blade_chest_3_x,0.8088478191685069,0.001,*viewpoint44
822,cheat,blade_chest_3_x,0.9054277145435752,0.001,*viewpoint46
823,cheat,blade_chest_3_x,0.7060193431483865,0.001,*viewpoint61
824,cheat,blade_chest_3_x,0.8718808996702152,0.001,*viewpoint67
825,cheat,blade_chest_3_x,0.8671999279576463,0.001,*viewpoint69
826,cheat,blade_chest_3_x,0.8708151749547689,0.001,*viewpoint73
827,cheat,blade_chest_3_x,0.749709640532892,0.001,*viewpoint75
828,cheat,blade_chest_3_x,0.9054337750293984,0.001,*viewpoint76
829,cheat,blade_chest_3_x,0.8654172757664712,0.001,*viewpoint77
830,cheat,blade_chest_3_x,0.6298237806410234,0.001,*viewpoint78
831,cheat,blade_chest_3_x,0.756734287496984,0.001,*viewpoint81
832,cheat,blade_chest_3_x,0.8912180586916678,0.001,*viewpoint89
833,cheat,blade_chest_3_x,0.635436217553055,0.001,*viewpoint98
834,cheat,blade_chest_3_x,0.7575346460101402,0.01,*viewpoint10
835,cheat,blade_chest_3_x,0.9451171021125712,0.01,*viewpoint14
836,cheat,blade_chest_3_x,0.8483337274110061,0.01,*viewpoint16
837,cheat,blade_chest_3_x,0.9115868499227188,0.01,*viewpoint20
838,cheat,blade_chest_3_x,0.8973595491172103,0.01,*viewpoint21
839,cheat,blade_chest_3_x,0.9162273617383936,0.01,*viewpoint30
840,cheat,blade_chest_3_x,0.9038841339099974,0.01,*viewpoint32
841,cheat,blade_chest_3_x,0.891766513800437,0.01,*viewpoint34
842,cheat,blade_chest_3_x,0.9368051926611072,0.01,*viewpoint42
843,cheat,blade_chest_3_x,0.7829358295618456,0.01,*viewpoint44
844,cheat,blade_chest_3_x,0.8964764742060288,0.01,*viewpoint46
845,cheat,blade_chest_3_x,0.7559979352043699,0.01,*viewpoint61
846,cheat,blade_chest_3_x,0.8875380455967368,0.01,*viewpoint67
847,cheat,blade_chest_3_x,0.8863607031381515,0.01,*viewpoint69
848,cheat,blade_chest_3_x,0.8586336829955545,0.01,*viewpoint73
849,cheat,blade_chest_3_x,0.7696376946680596,0.01,*viewpoint75
850,cheat,blade_chest_3_x,0.9097921554682268,0.01,*viewpoint76
851,cheat,blade_chest_3_x,0.8730887399182261,0.01,*viewpoint77
852,cheat,blade_chest_3_x,0.6215271051196173,0.01,*viewpoint78
853,cheat,blade_chest_3_x,0.8029085138867564,0.01,*viewpoint81
854,cheat,blade_chest_3_x,0.8757816567681582,0.01,*viewpoint89
855,cheat,blade_chest_3_x,0.6436758848863384,0.01,*viewpoint98
856,cheat,blade_chest_3_x,0.683029037659271,0.1,*viewpoint10
857,cheat,blade_chest_3_x,0.9353257859417466,0.1,*viewpoint14
858,cheat,blade_chest_3_x,0.8104957329248488,0.1,*viewpoint16
859,cheat,blade_chest_3_x,0.8964760951866944,0.1,*viewpoint20
860,cheat,blade_chest_3_x,0.904820257926277,0.1,*viewpoint21
861,cheat,blade_chest_3_x,0.8976371109330479,0.1,*viewpoint30
862,cheat,blade_chest_3_x,0.8851585012904066,0.1,*viewpoint32
863,cheat,blade_chest_3_x,0.8757752295168739,0.1,*viewpoint34
864,cheat,blade_chest_3_x,0.9487460539825044,0.1,*viewpoint42
865,cheat,blade_chest_3_x,0.7375066540936178,0.1,*viewpoint44
866,cheat,blade_chest_3_x,0.8835756208017681,0.1,*viewpoint46
867,cheat,blade_chest_3_x,0.7127513208282409,0.1,*viewpoint61
868,cheat,blade_chest_3_x,0.8931829022951521,0.1,*viewpoint67
869,cheat,blade_chest_3_x,0.832338970926095,0.1,*viewpoint69
870,cheat,blade_chest_3_x,0.8688682848265413,0.1,*viewpoint73
871,cheat,blade_chest_3_x,0.7579150961146434,0.1,*viewpoint75
872,cheat,blade_chest_3_x,0.9173556181837051,0.1,*viewpoint76
873,cheat,blade_chest_3_x,0.8985070472088628,0.1,*viewpoint77
874,cheat,blade_chest_3_x,0.6793312963360203,0.1,*viewpoint78
875,cheat,blade_chest_3_x,0.80115207587974,0.1,*viewpoint81
876,cheat,blade_chest_3_x,0.8538580240894668,0.1,*viewpoint89
877,cheat,blade_chest_3_x,0.6335264983569531,0.1,*viewpoint98
878,cheat,blade_chest_2_y,0.7299233479155108,0.001,*viewpoint10
879,cheat,blade_chest_2_y,0.9195669253434988,0.001,*viewpoint14
880,cheat,blade_chest_2_y,0.6996795606928354,0.001,*viewpoint16
881,cheat,blade_chest_2_y,0.8152610712359492,0.001,*viewpoint20
882,cheat,blade_chest_2_y,0.8037924002179392,0.001,*viewpoint21
883,cheat,blade_chest_2_y,0.8753216886284599,0.001,*viewpoint30
884,cheat,blade_chest_2_y,0.8108086286256643,0.001,*viewpoint32
885,cheat,blade_chest_2_y,0.7974623864687886,0.001,*viewpoint34
886,cheat,blade_chest_2_y,0.8316635398055006,0.001,*viewpoint42
887,cheat,blade_chest_2_y,0.5942324980233397,0.001,*viewpoint44
888,cheat,blade_chest_2_y,0.7491511521589753,0.001,*viewpoint46
889,cheat,blade_chest_2_y,0.5836936039240698,0.001,*viewpoint61
890,cheat,blade_chest_2_y,0.8627536127440466,0.001,*viewpoint67
891,cheat,blade_chest_2_y,0.7471129842754481,0.001,*viewpoint69
892,cheat,blade_chest_2_y,0.8458303666840036,0.001,*viewpoint73
893,cheat,blade_chest_2_y,0.8439368436856736,0.001,*viewpoint75
894,cheat,blade_chest_2_y,0.8610115891292666,0.001,*viewpoint76
895,cheat,blade_chest_2_y,0.7707461364934155,0.001,*viewpoint77
896,cheat,blade_chest_2_y,0.6248736818828383,0.001,*viewpoint78
897,cheat,blade_chest_2_y,0.6577216833603488,0.001,*viewpoint81
898,cheat,blade_chest_2_y,0.7607113616403767,0.001,*viewpoint89
899,cheat,blade_chest_2_y,0.7711060168679928,0.001,*viewpoint98
900,cheat,blade_chest_2_y,0.7680201736206624,0.01,*viewpoint10
901,cheat,blade_chest_2_y,0.9154467148663442,0.01,*viewpoint14
902,cheat,blade_chest_2_y,0.7530530818805761,0.01,*viewpoint16
903,cheat,blade_chest_2_y,0.8293477976027029,0.01,*viewpoint20
904,cheat,blade_chest_2_y,0.8545281151540476,0.01,*viewpoint21
905,cheat,blade_chest_2_y,0.8924762775074278,0.01,*viewpoint30
906,cheat,blade_chest_2_y,0.8248985474622373,0.01,*viewpoint32
907,cheat,blade_chest_2_y,0.8397454982573203,0.01,*viewpoint34
908,cheat,blade_chest_2_y,0.8726406243882703,0.01,*viewpoint42
909,cheat,blade_chest_2_y,0.614020722134852,0.01,*viewpoint44
910,cheat,blade_chest_2_y,0.7874852792899446,0.01,*viewpoint46
911,cheat,blade_chest_2_y,0.6002920596186313,0.01,*viewpoint61
912,cheat,blade_chest_2_y,0.8767675256811082,0.01,*viewpoint67
913,cheat,blade_chest_2_y,0.7624663677818884,0.01,*viewpoint69
914,cheat,blade_chest_2_y,0.8643871292682647,0.01,*viewpoint73
915,cheat,blade_chest_2_y,0.8539820008198352,0.01,*viewpoint75
916,cheat,blade_chest_2_y,0.8948510725304337,0.01,*viewpoint76
917,cheat,blade_chest_2_y,0.8260856223455166,0.01,*viewpoint77
918,cheat,blade_chest_2_y,0.6574254040144307,0.01,*viewpoint78
919,cheat,blade_chest_2_y,0.7093244827400961,0.01,*viewpoint81
920,cheat,blade_chest_2_y,0.8089097098946544,0.01,*viewpoint89
921,cheat,blade_chest_2_y,0.7689248322658736,0.01,*viewpoint98
922,cheat,blade_chest_2_y,0.7693972327579307,0.1,*viewpoint10
923,cheat,blade_chest_2_y,0.908541437466278,0.1,*viewpoint14
924,cheat,blade_chest_2_y,0.7519494024657841,0.1,*viewpoint16
925,cheat,blade_chest_2_y,0.8280934881571815,0.1,*viewpoint20
926,cheat,blade_chest_2_y,0.8806293424047893,0.1,*viewpoint21
927,cheat,blade_chest_2_y,0.8810352008759409,0.1,*viewpoint30
928,cheat,blade_chest_2_y,0.8278882701930891,0.1,*viewpoint32
929,cheat,blade_chest_2_y,0.8379717887062464,0.1,*viewpoint34
930,cheat,blade_chest_2_y,0.8929204854785358,0.1,*viewpoint42
931,cheat,blade_chest_2_y,0.6508428154063214,0.1,*viewpoint44
932,cheat,blade_chest_2_y,0.8267627497588671,0.1,*viewpoint46
933,cheat,blade_chest_2_y,0.6162316852545171,0.1,*viewpoint61
934,cheat,blade_chest_2_y,0.8863298910810229,0.1,*viewpoint67
935,cheat,blade_chest_2_y,0.7342653011911995,0.1,*viewpoint69
936,cheat,blade_chest_2_y,0.8788406998467425,0.1,*viewpoint73
937,cheat,blade_chest_2_y,0.7822140130742855,0.1,*viewpoint75
938,cheat,blade_chest_2_y,0.9129761093525104,0.1,*viewpoint76
939,cheat,blade_chest_2_y,0.8501916647386174,0.1,*viewpoint77
940,cheat,blade_chest_2_y,0.7171836222845048,0.1,*viewpoint78
941,cheat,blade_chest_2_y,0.7628006784858793,0.1,*viewpoint81
942,cheat,blade_chest_2_y,0.7900357853908843,0.1,*viewpoint89
943,cheat,blade_chest_2_y,0.7391551694837181,0.1,*viewpoint98
944,cheat,blade_chest_3_y,0.7906384291293141,0.001,*viewpoint10
945,cheat,blade_chest_3_y,0.9406704044649458,0.001,*viewpoint14
946,cheat,blade_chest_3_y,0.7394313832137323,0.001,*viewpoint16
947,cheat,blade_chest_3_y,0.8583757655125159,0.001,*viewpoint20
948,cheat,blade_chest_3_y,0.8723252077647521,0.001,*viewpoint21
949,cheat,blade_chest_3_y,0.8918386069455332,0.001,*viewpoint30
950,cheat,blade_chest_3_y,0.8313802266258538,0.001,*viewpoint32
951,cheat,blade_chest_3_y,0.8889809291713519,0.001,*viewpoint34
952,cheat,blade_chest_3_y,0.8440139287045434,0.001,*viewpoint42
953,cheat,blade_chest_3_y,0.674937988341486,0.001,*viewpoint44
954,cheat,blade_chest_3_y,0.8017856598023255,0.001,*viewpoint46
955,cheat,blade_chest_3_y,0.6622716245039876,0.001,*viewpoint61
956,cheat,blade_chest_3_y,0.8856826714506912,0.001,*viewpoint67
957,cheat,blade_chest_3_y,0.8009864596752946,0.001,*viewpoint69
958,cheat,blade_chest_3_y,0.8399130732288633,0.001,*viewpoint73
959,cheat,blade_chest_3_y,0.8361478160734802,0.001,*viewpoint75
960,cheat,blade_chest_3_y,0.8788017727690572,0.001,*viewpoint76
961,cheat,blade_chest_3_y,0.8156015692486508,0.001,*viewpoint77
962,cheat,blade_chest_3_y,0.6696064070704552,0.001,*viewpoint78
963,cheat,blade_chest_3_y,0.723038585310269,0.001,*viewpoint81
964,cheat,blade_chest_3_y,0.7896304937156814,0.001,*viewpoint89
965,cheat,blade_chest_3_y,0.7823616901960493,0.001,*viewpoint98
966,cheat,blade_chest_3_y,0.7633914654920203,0.01,*viewpoint10
967,cheat,blade_chest_3_y,0.9454210244787457,0.01,*viewpoint14
968,cheat,blade_chest_3_y,0.7893942036211509,0.01,*viewpoint16
969,cheat,blade_chest_3_y,0.8919880764501615,0.01,*viewpoint20
970,cheat,blade_chest_3_y,0.8804515262623777,0.01,*viewpoint21
971,cheat,blade_chest_3_y,0.9056057007569879,0.01,*viewpoint30
972,cheat,blade_chest_3_y,0.8475368295392585,0.01,*viewpoint32
973,cheat,blade_chest_3_y,0.8982100161198666,0.01,*viewpoint34
974,cheat,blade_chest_3_y,0.8851558119863555,0.01,*viewpoint42
975,cheat,blade_chest_3_y,0.7269854528371972,0.01,*viewpoint44
976,cheat,blade_chest_3_y,0.8597830835174403,0.01,*viewpoint46
977,cheat,blade_chest_3_y,0.640903747333422,0.01,*viewpoint61
978,cheat,blade_chest_3_y,0.8859065780183865,0.01,*viewpoint67
979,cheat,blade_chest_3_y,0.803141086151987,0.01,*viewpoint69
980,cheat,blade_chest_3_y,0.8454372712603392,0.01,*viewpoint73
981,cheat,blade_chest_3_y,0.8232758506829163,0.01,*viewpoint75
982,cheat,blade_chest_3_y,0.9099195731898988,0.01,*viewpoint76
983,cheat,blade_chest_3_y,0.8459843471593776,0.01,*viewpoint77
984,cheat,blade_chest_3_y,0.6514797961237377,0.01,*viewpoint78
985,cheat,blade_chest_3_y,0.7296940578128465,0.01,*viewpoint81
986,cheat,blade_chest_3_y,0.8167068001886725,0.01,*viewpoint89
987,cheat,blade_chest_3_y,0.7054612283275808,0.01,*viewpoint98
988,cheat,blade_chest_3_y,0.6719998283065334,0.1,*viewpoint10
989,cheat,blade_chest_3_y,0.9336483063612444,0.1,*viewpoint14
990,cheat,blade_chest_3_y,0.7853747575444071,0.1,*viewpoint16
991,cheat,blade_chest_3_y,0.8837993233979827,0.1,*viewpoint20
992,cheat,blade_chest_3_y,0.898797385103559,0.1,*viewpoint21
993,cheat,blade_chest_3_y,0.8936884033090325,0.1,*viewpoint30
994,cheat,blade_chest_3_y,0.8673794276950813,0.1,*viewpoint32
995,cheat,blade_chest_3_y,0.8747697698845678,0.1,*viewpoint34
996,cheat,blade_chest_3_y,0.9399940677730292,0.1,*viewpoint42
997,cheat,blade_chest_3_y,0.713335864540266,0.1,*viewpoint44
998,cheat,blade_chest_3_y,0.8772804669404369,0.1,*viewpoint46
999,cheat,blade_chest_3_y,0.6801045230073564,0.1,*viewpoint61
1000,cheat,blade_chest_3_y,0.8953002115615779,0.1,*viewpoint67
1001,cheat,blade_chest_3_y,0.7948008751341592,0.1,*viewpoint69
1002,cheat,blade_chest_3_y,0.8537635270158874,0.1,*viewpoint73
1003,cheat,blade_chest_3_y,0.7612596663229566,0.1,*viewpoint75
1004,cheat,blade_chest_3_y,0.9141506461214052,0.1,*viewpoint76
1005,cheat,blade_chest_3_y,0.8902013147872626,0.1,*viewpoint77
1006,cheat,blade_chest_3_y,0.660962024201855,0.1,*viewpoint78
1007,cheat,blade_chest_3_y,0.7643542676111059,0.1,*viewpoint81
1008,cheat,blade_chest_3_y,0.8273628265231358,0.1,*viewpoint89
1009,cheat,blade_chest_3_y,0.66466713517996,0.1,*viewpoint98
1010,cheat,bpr_2,0.6032707173613705,0.001,*viewpoint10
1011,cheat,bpr_2,0.9163079963989302,0.001,*viewpoint14
1012,cheat,bpr_2,0.6321111357741435,0.001,*viewpoint16
1013,cheat,bpr_2,0.7472792463027559,0.001,*viewpoint20
1014,cheat,bpr_2,0.7300764040983168,0.001,*viewpoint21
1015,cheat,bpr_2,0.8128569935372046,0.001,*viewpoint30
1016,cheat,bpr_2,0.7119758992982529,0.001,*viewpoint32
1017,cheat,bpr_2,0.8645878122433428,0.001,*viewpoint34
1018,cheat,bpr_2,0.7658362728580964,0.001,*viewpoint42
1019,cheat,bpr_2,0.5959480205426438,0.001,*viewpoint44
1020,cheat,bpr_2,0.6984871664672163,0.001,*viewpoint46
1021,cheat,bpr_2,0.5306454751463727,0.001,*viewpoint61
1022,cheat,bpr_2,0.8161771512323776,0.001,*viewpoint67
1023,cheat,bpr_2,0.7046728155385119,0.001,*viewpoint69
1024,cheat,bpr_2,0.8487255730862724,0.001,*viewpoint73
1025,cheat,bpr_2,0.7577558369928169,0.001,*viewpoint75
1026,cheat,bpr_2,0.7959871875956925,0.001,*viewpoint76
1027,cheat,bpr_2,0.7296783921577941,0.001,*viewpoint77
1028,cheat,bpr_2,0.6970862291436926,0.001,*viewpoint78
1029,cheat,bpr_2,0.6358034718114556,0.001,*viewpoint81
1030,cheat,bpr_2,0.7061646769311294,0.001,*viewpoint89
1031,cheat,bpr_2,0.6503230989410868,0.001,*viewpoint98
1032,cheat,bpr_2,0.6032707173613705,0.01,*viewpoint10
1033,cheat,bpr_2,0.9163079963989302,0.01,*viewpoint14
1034,cheat,bpr_2,0.6628492935176413,0.01,*viewpoint16
1035,cheat,bpr_2,0.7636591060891617,0.01,*viewpoint20
1036,cheat,bpr_2,0.7741626902998617,0.01,*viewpoint21
1037,cheat,bpr_2,0.8595421327739023,0.01,*viewpoint30
1038,cheat,bpr_2,0.7729850206605595,0.01,*viewpoint32
1039,cheat,bpr_2,0.8689599295184108,0.01,*viewpoint34
1040,cheat,bpr_2,0.8300722961470248,0.01,*viewpoint42
1041,cheat,bpr_2,0.5948941092426663,0.01,*viewpoint44
1042,cheat,bpr_2,0.7545947971747438,0.01,*viewpoint46
1043,cheat,bpr_2,0.5389699225334035,0.01,*viewpoint61
1044,cheat,bpr_2,0.8199912996875396,0.01,*viewpoint67
1045,cheat,bpr_2,0.7046728155385119,0.01,*viewpoint69
1046,cheat,bpr_2,0.8669222155004859,0.01,*viewpoint73
1047,cheat,bpr_2,0.7577558369928169,0.01,*viewpoint75
1048,cheat,bpr_2,0.8045506394491024,0.01,*viewpoint76
1049,cheat,bpr_2,0.7385788962465226,0.01,*viewpoint77
1050,cheat,bpr_2,0.7964480147357296,0.01,*viewpoint78
1051,cheat,bpr_2,0.6962222700853596,0.01,*viewpoint81
1052,cheat,bpr_2,0.7388739975201363,0.01,*viewpoint89
1053,cheat,bpr_2,0.6503230989410868,0.01,*viewpoint98
1054,cheat,bpr_2,0.6054336554208711,0.1,*viewpoint10
1055,cheat,bpr_2,0.9209987206973816,0.1,*viewpoint14
1056,cheat,bpr_2,0.7092422507453044,0.1,*viewpoint16
1057,cheat,bpr_2,0.7921222184679173,0.1,*viewpoint20
1058,cheat,bpr_2,0.8110953636169109,0.1,*viewpoint21
1059,cheat,bpr_2,0.8696141876804094,0.1,*viewpoint30
1060,cheat,bpr_2,0.8739296834255653,0.1,*viewpoint32
1061,cheat,bpr_2,0.8663344468783549,0.1,*viewpoint34
1062,cheat,bpr_2,0.9285920150376686,0.1,*viewpoint42
1063,cheat,bpr_2,0.5845010772705806,0.1,*viewpoint44
1064,cheat,bpr_2,0.8108455561160154,0.1,*viewpoint46
1065,cheat,bpr_2,0.5474183134294331,0.1,*viewpoint61
1066,cheat,bpr_2,0.8191964167355854,0.1,*viewpoint67
1067,cheat,bpr_2,0.6901051152276582,0.1,*viewpoint69
1068,cheat,bpr_2,0.8950695842472868,0.1,*viewpoint73
1069,cheat,bpr_2,0.7596275598290315,0.1,*viewpoint75
1070,cheat,bpr_2,0.8326884076320771,0.1,*viewpoint76
1071,cheat,bpr_2,0.80016224878636,0.1,*viewpoint77
1072,cheat,bpr_2,0.8922118615563768,0.1,*viewpoint78
1073,cheat,bpr_2,0.7798600964926488,0.1,*viewpoint81
1074,cheat,bpr_2,0.8053538058537464,0.1,*viewpoint89
1075,cheat,bpr_2,0.6530993659265399,0.1,*viewpoint98
1076,cheat,bpr_3,0.6918102597673914,0.001,*viewpoint10
1077,cheat,bpr_3,0.952401948344798,0.001,*viewpoint14
1078,cheat,bpr_3,0.9726913348775932,0.001,*viewpoint16
1079,cheat,bpr_3,0.944448699883498,0.001,*viewpoint20
1080,cheat,bpr_3,0.8607917194807468,0.001,*viewpoint21
1081,cheat,bpr_3,0.9018716186828978,0.001,*viewpoint30
1082,cheat,bpr_3,0.9612609020317652,0.001,*viewpoint32
1083,cheat,bpr_3,0.8834881914938584,0.001,*viewpoint34
1084,cheat,bpr_3,0.9490273272436902,0.001,*viewpoint42
1085,cheat,bpr_3,0.9520549782078042,0.001,*viewpoint44
1086,cheat,bpr_3,0.9564823025948944,0.001,*viewpoint46
1087,cheat,bpr_3,0.7099589952083313,0.001,*viewpoint61
1088,cheat,bpr_3,0.8727729155925429,0.001,*viewpoint67
1089,cheat,bpr_3,0.8573664120902996,0.001,*viewpoint69
1090,cheat,bpr_3,0.9251942411101348,0.001,*viewpoint73
1091,cheat,bpr_3,0.7165681791380938,0.001,*viewpoint75
1092,cheat,bpr_3,0.9196963313111708,0.001,*viewpoint76
1093,cheat,bpr_3,0.931386186313943,0.001,*viewpoint77
1094,cheat,bpr_3,0.9063965691377696,0.001,*viewpoint78
1095,cheat,bpr_3,0.7970795950617492,0.001,*viewpoint81
1096,cheat,bpr_3,0.9345785137986156,0.001,*viewpoint89
1097,cheat,bpr_3,0.5743076202013105,0.001,*viewpoint98
1098,cheat,bpr_3,0.6918386679550292,0.01,*viewpoint10
1099,cheat,bpr_3,0.9492290334898889,0.01,*viewpoint14
1100,cheat,bpr_3,0.9728146519566672,0.01,*viewpoint16
1101,cheat,bpr_3,0.9464592215642696,0.01,*viewpoint20
1102,cheat,bpr_3,0.8656506946370157,0.01,*viewpoint21
1103,cheat,bpr_3,0.9009653532309326,0.01,*viewpoint30
1104,cheat,bpr_3,0.9623785010038958,0.01,*viewpoint32
1105,cheat,bpr_3,0.8811974014513901,0.01,*viewpoint34
1106,cheat,bpr_3,0.9460590684972728,0.01,*viewpoint42
1107,cheat,bpr_3,0.9490683836793516,0.01,*viewpoint44
1108,cheat,bpr_3,0.9564823025948944,0.01,*viewpoint46
1109,cheat,bpr_3,0.7058451659815976,0.01,*viewpoint61
1110,cheat,bpr_3,0.8739419901282472,0.01,*viewpoint67
1111,cheat,bpr_3,0.8657016516186037,0.01,*viewpoint69
1112,cheat,bpr_3,0.9284003676722996,0.01,*viewpoint73
1113,cheat,bpr_3,0.7173183737196966,0.01,*viewpoint75
1114,cheat,bpr_3,0.9173744266202644,0.01,*viewpoint76
1115,cheat,bpr_3,0.9251510478762204,0.01,*viewpoint77
1116,cheat,bpr_3,0.9024889828391316,0.01,*viewpoint78
1117,cheat,bpr_3,0.8069779873155096,0.01,*viewpoint81
1118,cheat,bpr_3,0.9305499746621756,0.01,*viewpoint89
1119,cheat,bpr_3,0.5729397728229038,0.01,*viewpoint98
1120,cheat,bpr_3,0.6753219551332866,0.1,*viewpoint10
1121,cheat,bpr_3,0.9489267066442059,0.1,*viewpoint14
1122,cheat,bpr_3,0.9742032159221932,0.1,*viewpoint16
1123,cheat,bpr_3,0.9416856764671524,0.1,*viewpoint20
1124,cheat,bpr_3,0.8615060160500039,0.1,*viewpoint21
1125,cheat,bpr_3,0.8958932705979232,0.1,*viewpoint30
1126,cheat,bpr_3,0.963904412095454,0.1,*viewpoint32
1127,cheat,bpr_3,0.8827644186449002,0.1,*viewpoint34
1128,cheat,bpr_3,0.9403008862088672,0.1,*viewpoint42
1129,cheat,bpr_3,0.9365817025186852,0.1,*viewpoint44
1130,cheat,bpr_3,0.947448308788518,0.1,*viewpoint46
1131,cheat,bpr_3,0.7150106320181849,0.1,*viewpoint61
1132,cheat,bpr_3,0.8722670347186899,0.1,*viewpoint67
1133,cheat,bpr_3,0.8769899956021899,0.1,*viewpoint69
1134,cheat,bpr_3,0.9320222564745696,0.1,*viewpoint73
1135,cheat,bpr_3,0.7157339021892016,0.1,*viewpoint75
1136,cheat,bpr_3,0.917638032015862,0.1,*viewpoint76
1137,cheat,bpr_3,0.9142787637822536,0.1,*viewpoint77
1138,cheat,bpr_3,0.9258190906992364,0.1,*viewpoint78
1139,cheat,bpr_3,0.8127192965873954,0.1,*viewpoint81
1140,cheat,bpr_3,0.9339624215432736,0.1,*viewpoint89
1141,cheat,bpr_3,0.5773637687350774,0.1,*viewpoint98
1142,cheat,crowdbt,0.6026608764179646,0.001,*viewpoint10
1143,cheat,crowdbt,0.9198743105103389,0.001,*viewpoint14
1144,cheat,crowdbt,0.901654106945075,0.001,*viewpoint16
1145,cheat,crowdbt,0.9143458367698659,0.001,*viewpoint20
1146,cheat,crowdbt,0.8549802729186883,0.001,*viewpoint21
1147,cheat,crowdbt,0.86517809626478,0.001,*viewpoint30
1148,cheat,crowdbt,0.918060235412794,0.001,*viewpoint32
1149,cheat,crowdbt,0.8297025535742115,0.001,*viewpoint34
1150,cheat,crowdbt,0.9077948180678128,0.001,*viewpoint42
1151,cheat,crowdbt,0.7914006318118503,0.001,*viewpoint44
1152,cheat,crowdbt,0.9182233413869992,0.001,*viewpoint46
1153,cheat,crowdbt,0.655986359160421,0.001,*viewpoint61
1154,cheat,crowdbt,0.8608035055101785,0.001,*viewpoint67
1155,cheat,crowdbt,0.8527888352505325,0.001,*viewpoint69
1156,cheat,crowdbt,0.8804694281344231,0.001,*viewpoint73
1157,cheat,crowdbt,0.6448531768118789,0.001,*viewpoint75
1158,cheat,crowdbt,0.8839564206825801,0.001,*viewpoint76
1159,cheat,crowdbt,0.8865356005225764,0.001,*viewpoint77
1160,cheat,crowdbt,0.6225556320547951,0.001,*viewpoint78
1161,cheat,crowdbt,0.7175956683949323,0.001,*viewpoint81
1162,cheat,crowdbt,0.8883552988350357,0.001,*viewpoint89
1163,cheat,crowdbt,0.5211672514954857,0.001,*viewpoint98
1164,cheat,crowdbt,0.6026608764179646,0.01,*viewpoint10
1165,cheat,crowdbt,0.9198743105103389,0.01,*viewpoint14
1166,cheat,crowdbt,0.901654106945075,0.01,*viewpoint16
1167,cheat,crowdbt,0.9143458367698659,0.01,*viewpoint20
1168,cheat,crowdbt,0.8549802729186883,0.01,*viewpoint21
1169,cheat,crowdbt,0.86517809626478,0.01,*viewpoint30
1170,cheat,crowdbt,0.918060235412794,0.01,*viewpoint32
1171,cheat,crowdbt,0.8297025535742115,0.01,*viewpoint34
1172,cheat,crowdbt,0.9077948180678128,0.01,*viewpoint42
1173,cheat,crowdbt,0.7914006318118503,0.01,*viewpoint44
1174,cheat,crowdbt,0.9182233413869992,0.01,*viewpoint46
1175,cheat,crowdbt,0.655986359160421,0.01,*viewpoint61
1176,cheat,crowdbt,0.8608035055101785,0.01,*viewpoint67
1177,cheat,crowdbt,0.8527888352505325,0.01,*viewpoint69
1178,cheat,crowdbt,0.8804694281344231,0.01,*viewpoint73
1179,cheat,crowdbt,0.6448531768118789,0.01,*viewpoint75
1180,cheat,crowdbt,0.8839564206825801,0.01,*viewpoint76
1181,cheat,crowdbt,0.8865356005225764,0.01,*viewpoint77
1182,cheat,crowdbt,0.6225556320547951,0.01,*viewpoint78
1183,cheat,crowdbt,0.7175956683949323,0.01,*viewpoint81
1184,cheat,crowdbt,0.8883552988350357,0.01,*viewpoint89
1185,cheat,crowdbt,0.5211672514954857,0.01,*viewpoint98
1186,cheat,crowdbt,0.6306812462718013,0.1,*viewpoint10
1187,cheat,crowdbt,0.9103002212215672,0.1,*viewpoint14
1188,cheat,crowdbt,0.9096033742106804,0.1,*viewpoint16
1189,cheat,crowdbt,0.9149082170164896,0.1,*viewpoint20
1190,cheat,crowdbt,0.8539288005254341,0.1,*viewpoint21
1191,cheat,crowdbt,0.8693874661990609,0.1,*viewpoint30
1192,cheat,crowdbt,0.9282492912853572,0.1,*viewpoint32
1193,cheat,crowdbt,0.8347683774295425,0.1,*viewpoint34
1194,cheat,crowdbt,0.9035761541669456,0.1,*viewpoint42
1195,cheat,crowdbt,0.8247063165950199,0.1,*viewpoint44
1196,cheat,crowdbt,0.9402889023432852,0.1,*viewpoint46
1197,cheat,crowdbt,0.6510938447303424,0.1,*viewpoint61
1198,cheat,crowdbt,0.866387987908144,0.1,*viewpoint67
1199,cheat,crowdbt,0.8601515198559173,0.1,*viewpoint69
1200,cheat,crowdbt,0.864140822116736,0.1,*viewpoint73
1201,cheat,crowdbt,0.6668140713617153,0.1,*viewpoint75
1202,cheat,crowdbt,0.8954527109888549,0.1,*viewpoint76
1203,cheat,crowdbt,0.899345901091972,0.1,*viewpoint77
1204,cheat,crowdbt,0.6198577980647519,0.1,*viewpoint78
1205,cheat,crowdbt,0.7095282075536851,0.1,*viewpoint81
1206,cheat,crowdbt,0.8906973336427344,0.1,*viewpoint89
1207,cheat,crowdbt,0.5361202651010921,0.1,*viewpoint98
1208,cheat,bt,0.5365721522164424,0.001,*viewpoint10
1209,cheat,bt,0.931102713109778,0.001,*viewpoint14
1210,cheat,bt,0.7999915784525027,0.001,*viewpoint16
1211,cheat,bt,0.8605990074702021,0.001,*viewpoint20
1212,cheat,bt,0.8408142253688078,0.001,*viewpoint21
1213,cheat,bt,0.8227496946875679,0.001,*viewpoint30
1214,cheat,bt,0.9387439223648728,0.001,*viewpoint32
1215,cheat,bt,0.7468926797433117,0.001,*viewpoint34
1216,cheat,bt,0.8930588565568792,0.001,*viewpoint42
1217,cheat,bt,0.6491442272765882,0.001,*viewpoint44
1218,cheat,bt,0.8635521813861458,0.001,*viewpoint46
1219,cheat,bt,0.6350143157703628,0.001,*viewpoint61
1220,cheat,bt,0.8331789141623049,0.001,*viewpoint67
1221,cheat,bt,0.8450032374317237,0.001,*viewpoint69
1222,cheat,bt,0.9106629815425707,0.001,*viewpoint73
1223,cheat,bt,0.6949061876862513,0.001,*viewpoint75
1224,cheat,bt,0.8666733278503344,0.001,*viewpoint76
1225,cheat,bt,0.8360156420778705,0.001,*viewpoint77
1226,cheat,bt,0.7990589694768185,0.001,*viewpoint78
1227,cheat,bt,0.7518477778102131,0.001,*viewpoint81
1228,cheat,bt,0.8415790143673916,0.001,*viewpoint89
1229,cheat,bt,0.5730800285895545,0.001,*viewpoint98
1230,cheat,bt,0.5365721522164424,0.01,*viewpoint10
1231,cheat,bt,0.931102713109778,0.01,*viewpoint14
1232,cheat,bt,0.7999915784525027,0.01,*viewpoint16
1233,cheat,bt,0.8605990074702021,0.01,*viewpoint20
1234,cheat,bt,0.8408142253688078,0.01,*viewpoint21
1235,cheat,bt,0.8227496946875679,0.01,*viewpoint30
1236,cheat,bt,0.9387439223648728,0.01,*viewpoint32
1237,cheat,bt,0.7468926797433117,0.01,*viewpoint34
1238,cheat,bt,0.8930588565568792,0.01,*viewpoint42
1239,cheat,bt,0.6491442272765882,0.01,*viewpoint44
1240,cheat,bt,0.8635521813861458,0.01,*viewpoint46
1241,cheat,bt,0.6350143157703628,0.01,*viewpoint61
1242,cheat,bt,0.8331789141623049,0.01,*viewpoint67
1243,cheat,bt,0.8450032374317237,0.01,*viewpoint69
1244,cheat,bt,0.9106629815425707,0.01,*viewpoint73
1245,cheat,bt,0.6949061876862513,0.01,*viewpoint75
1246,cheat,bt,0.8666733278503344,0.01,*viewpoint76
1247,cheat,bt,0.8360156420778705,0.01,*viewpoint77
1248,cheat,bt,0.7990589694768185,0.01,*viewpoint78
1249,cheat,bt,0.7518477778102131,0.01,*viewpoint81
1250,cheat,bt,0.8415790143673916,0.01,*viewpoint89
1251,cheat,bt,0.5730800285895545,0.01,*viewpoint98
1252,cheat,bt,0.5318482322423752,0.1,*viewpoint10
1253,cheat,bt,0.9208932679938782,0.1,*viewpoint14
1254,cheat,bt,0.8104222115126773,0.1,*viewpoint16
1255,cheat,bt,0.8596533822129059,0.1,*viewpoint20
1256,cheat,bt,0.8514811411373788,0.1,*viewpoint21
1257,cheat,bt,0.8393655171483717,0.1,*viewpoint30
1258,cheat,bt,0.9326871694380016,0.1,*viewpoint32
1259,cheat,bt,0.7751199381505157,0.1,*viewpoint34
1260,cheat,bt,0.8751556217493601,0.1,*viewpoint42
1261,cheat,bt,0.6789875058162521,0.1,*viewpoint44
1262,cheat,bt,0.8552914426427226,0.1,*viewpoint46
1263,cheat,bt,0.6277484223183823,0.1,*viewpoint61
1264,cheat,bt,0.8337228611279976,0.1,*viewpoint67
1265,cheat,bt,0.8350148335094061,0.1,*viewpoint69
1266,cheat,bt,0.9051014312205306,0.1,*viewpoint73
1267,cheat,bt,0.6895303351388047,0.1,*viewpoint75
1268,cheat,bt,0.8457371170561635,0.1,*viewpoint76
1269,cheat,bt,0.8505826110670299,0.1,*viewpoint77
1270,cheat,bt,0.7588138752605921,0.1,*viewpoint78
1271,cheat,bt,0.7433162784548981,0.1,*viewpoint81
1272,cheat,bt,0.8561935636145505,0.1,*viewpoint89
1273,cheat,bt,0.562846430948036,0.1,*viewpoint98
1274,meeting,crowdea_2,0.8586888077756517,,*viewpoint02
1275,meeting,crowdea_2,0.9148800233240774,,*viewpoint08
1276,meeting,crowdea_2,0.8782199555996324,,*viewpoint12
1277,meeting,crowdea_2,0.8095981890183398,,*viewpoint14
1278,meeting,crowdea_2,0.8374664335129226,,*viewpoint23
1279,meeting,crowdea_2,0.7649107678323941,,*viewpoint32
1280,meeting,crowdea_2,0.912002165344648,,*viewpoint40
1281,meeting,crowdea_2,0.8656085171458844,,*viewpoint42
1282,meeting,crowdea_2,0.7954867127411106,,*viewpoint45
1283,meeting,crowdea_2,0.90149715316589,,*viewpoint47
1284,meeting,crowdea_2,0.8686154020276144,,*viewpoint50
1285,meeting,crowdea_2,0.8648218740065846,,*viewpoint55
1286,meeting,crowdea_2,0.9030369974856554,,*viewpoint66
1287,meeting,crowdea_2,0.8434500027248555,,*viewpoint74
1288,meeting,crowdea_2,0.8863975866328967,,*viewpoint75
1289,meeting,crowdea_2,0.8805575257206005,,*viewpoint80
1290,meeting,crowdea_2,0.8446912699758815,,*viewpoint86
1291,meeting,crowdea_2,0.8914434513327932,,*viewpoint91
1292,meeting,crowdea_2,0.9086484743057016,,*viewpoint93
1293,meeting,crowdea_3,0.8698379186203882,,*viewpoint02
1294,meeting,crowdea_3,0.9159158209825352,,*viewpoint08
1295,meeting,crowdea_3,0.8801289938967743,,*viewpoint12
1296,meeting,crowdea_3,0.8285149636291115,,*viewpoint14
1297,meeting,crowdea_3,0.8402315339676756,,*viewpoint23
1298,meeting,crowdea_3,0.7613773548214631,,*viewpoint32
1299,meeting,crowdea_3,0.9280742625930704,,*viewpoint40
1300,meeting,crowdea_3,0.8713150888283421,,*viewpoint42
1301,meeting,crowdea_3,0.7899696166515626,,*viewpoint45
1302,meeting,crowdea_3,0.9585740885316936,,*viewpoint47
1303,meeting,crowdea_3,0.8820380800808566,,*viewpoint50
1304,meeting,crowdea_3,0.8762737340330145,,*viewpoint55
1305,meeting,crowdea_3,0.9201177098142932,,*viewpoint66
1306,meeting,crowdea_3,0.9473119978497808,,*viewpoint74
1307,meeting,crowdea_3,0.8843866412929481,,*viewpoint75
1308,meeting,crowdea_3,0.9077675484176292,,*viewpoint80
1309,meeting,crowdea_3,0.8560007723795509,,*viewpoint86
1310,meeting,crowdea_3,0.9495995109090806,,*viewpoint91
1311,meeting,crowdea_3,0.926971693786722,,*viewpoint93
1312,meeting,blade_chest_2_x,0.8292391619212767,0.001,*viewpoint02
1313,meeting,blade_chest_2_x,0.8819845398959504,0.001,*viewpoint08
1314,meeting,blade_chest_2_x,0.8043989105568429,0.001,*viewpoint12
1315,meeting,blade_chest_2_x,0.8870780974797212,0.001,*viewpoint14
1316,meeting,blade_chest_2_x,0.7798621803700109,0.001,*viewpoint23
1317,meeting,blade_chest_2_x,0.807322891448738,0.001,*viewpoint32
1318,meeting,blade_chest_2_x,0.8389257368503238,0.001,*viewpoint40
1319,meeting,blade_chest_2_x,0.8915846228885227,0.001,*viewpoint42
1320,meeting,blade_chest_2_x,0.8399358802920999,0.001,*viewpoint45
1321,meeting,blade_chest_2_x,0.7645248704443499,0.001,*viewpoint47
1322,meeting,blade_chest_2_x,0.86808599069657,0.001,*viewpoint50
1323,meeting,blade_chest_2_x,0.8170616327831091,0.001,*viewpoint55
1324,meeting,blade_chest_2_x,0.8833564670123814,0.001,*viewpoint66
1325,meeting,blade_chest_2_x,0.7055495725822651,0.001,*viewpoint74
1326,meeting,blade_chest_2_x,0.8018793525354129,0.001,*viewpoint75
1327,meeting,blade_chest_2_x,0.8259316714870913,0.001,*viewpoint80
1328,meeting,blade_chest_2_x,0.7894021121279102,0.001,*viewpoint86
1329,meeting,blade_chest_2_x,0.7985156002983378,0.001,*viewpoint91
1330,meeting,blade_chest_2_x,0.8924369335763142,0.001,*viewpoint93
1331,meeting,blade_chest_2_x,0.8708905137349189,0.01,*viewpoint02
1332,meeting,blade_chest_2_x,0.8584205335070509,0.01,*viewpoint08
1333,meeting,blade_chest_2_x,0.8258425765008024,0.01,*viewpoint12
1334,meeting,blade_chest_2_x,0.8826045864369617,0.01,*viewpoint14
1335,meeting,blade_chest_2_x,0.7772983780237074,0.01,*viewpoint23
1336,meeting,blade_chest_2_x,0.7949340402848162,0.01,*viewpoint32
1337,meeting,blade_chest_2_x,0.8494048135915329,0.01,*viewpoint40
1338,meeting,blade_chest_2_x,0.920814616284602,0.01,*viewpoint42
1339,meeting,blade_chest_2_x,0.8480707038967761,0.01,*viewpoint45
1340,meeting,blade_chest_2_x,0.7407555056495905,0.01,*viewpoint47
1341,meeting,blade_chest_2_x,0.8771644438479437,0.01,*viewpoint50
1342,meeting,blade_chest_2_x,0.8010903897910951,0.01,*viewpoint55
1343,meeting,blade_chest_2_x,0.8866562227822868,0.01,*viewpoint66
1344,meeting,blade_chest_2_x,0.6813964591383165,0.01,*viewpoint74
1345,meeting,blade_chest_2_x,0.7991655758082619,0.01,*viewpoint75
1346,meeting,blade_chest_2_x,0.8253892737304163,0.01,*viewpoint80
1347,meeting,blade_chest_2_x,0.8294480262807367,0.01,*viewpoint86
1348,meeting,blade_chest_2_x,0.7865717062284227,0.01,*viewpoint91
1349,meeting,blade_chest_2_x,0.8939854789988284,0.01,*viewpoint93
1350,meeting,blade_chest_2_x,0.8032250888699006,0.1,*viewpoint02
1351,meeting,blade_chest_2_x,0.8703791402448825,0.1,*viewpoint08
1352,meeting,blade_chest_2_x,0.8231391424930559,0.1,*viewpoint12
1353,meeting,blade_chest_2_x,0.8579118480089155,0.1,*viewpoint14
1354,meeting,blade_chest_2_x,0.7843265248498834,0.1,*viewpoint23
1355,meeting,blade_chest_2_x,0.8009799801841533,0.1,*viewpoint32
1356,meeting,blade_chest_2_x,0.8617712810922981,0.1,*viewpoint40
1357,meeting,blade_chest_2_x,0.8911995406293903,0.1,*viewpoint42
1358,meeting,blade_chest_2_x,0.8190072600566131,0.1,*viewpoint45
1359,meeting,blade_chest_2_x,0.7612324946629576,0.1,*viewpoint47
1360,meeting,blade_chest_2_x,0.8607146853754116,0.1,*viewpoint50
1361,meeting,blade_chest_2_x,0.8182730561187832,0.1,*viewpoint55
1362,meeting,blade_chest_2_x,0.8849744552014674,0.1,*viewpoint66
1363,meeting,blade_chest_2_x,0.6924344501611093,0.1,*viewpoint74
1364,meeting,blade_chest_2_x,0.8006501763424351,0.1,*viewpoint75
1365,meeting,blade_chest_2_x,0.8263541880370008,0.1,*viewpoint80
1366,meeting,blade_chest_2_x,0.8099540956234389,0.1,*viewpoint86
1367,meeting,blade_chest_2_x,0.7792713391741177,0.1,*viewpoint91
1368,meeting,blade_chest_2_x,0.9138787329159902,0.1,*viewpoint93
1369,meeting,blade_chest_3_x,0.8229093911580599,0.001,*viewpoint02
1370,meeting,blade_chest_3_x,0.8369064060703131,0.001,*viewpoint08
1371,meeting,blade_chest_3_x,0.8633525028397298,0.001,*viewpoint12
1372,meeting,blade_chest_3_x,0.9208665698978488,0.001,*viewpoint14
1373,meeting,blade_chest_3_x,0.8139965920295659,0.001,*viewpoint23
1374,meeting,blade_chest_3_x,0.7263366090115017,0.001,*viewpoint32
1375,meeting,blade_chest_3_x,0.8697542827266245,0.001,*viewpoint40
1376,meeting,blade_chest_3_x,0.8867994529238978,0.001,*viewpoint42
1377,meeting,blade_chest_3_x,0.8302261869760641,0.001,*viewpoint45
1378,meeting,blade_chest_3_x,0.8398258160546759,0.001,*viewpoint47
1379,meeting,blade_chest_3_x,0.890157743757179,0.001,*viewpoint50
1380,meeting,blade_chest_3_x,0.7698611188743979,0.001,*viewpoint55
1381,meeting,blade_chest_3_x,0.9016182711480458,0.001,*viewpoint66
1382,meeting,blade_chest_3_x,0.8094642956355648,0.001,*viewpoint74
1383,meeting,blade_chest_3_x,0.8302626135312471,0.001,*viewpoint75
1384,meeting,blade_chest_3_x,0.8300505091335317,0.001,*viewpoint80
1385,meeting,blade_chest_3_x,0.8552498484975349,0.001,*viewpoint86
1386,meeting,blade_chest_3_x,0.8451084596847251,0.001,*viewpoint91
1387,meeting,blade_chest_3_x,0.9154046419808636,0.001,*viewpoint93
1388,meeting,blade_chest_3_x,0.8377568558548592,0.01,*viewpoint02
1389,meeting,blade_chest_3_x,0.8634073839971659,0.01,*viewpoint08
1390,meeting,blade_chest_3_x,0.8548818164318485,0.01,*viewpoint12
1391,meeting,blade_chest_3_x,0.945649923362618,0.01,*viewpoint14
1392,meeting,blade_chest_3_x,0.8064679218372761,0.01,*viewpoint23
1393,meeting,blade_chest_3_x,0.7631307071883974,0.01,*viewpoint32
1394,meeting,blade_chest_3_x,0.8871454471309883,0.01,*viewpoint40
1395,meeting,blade_chest_3_x,0.8914288321691656,0.01,*viewpoint42
1396,meeting,blade_chest_3_x,0.8495960066300545,0.01,*viewpoint45
1397,meeting,blade_chest_3_x,0.8298003669522955,0.01,*viewpoint47
1398,meeting,blade_chest_3_x,0.9114930395532284,0.01,*viewpoint50
1399,meeting,blade_chest_3_x,0.8219880738230108,0.01,*viewpoint55
1400,meeting,blade_chest_3_x,0.8841726636682987,0.01,*viewpoint66
1401,meeting,blade_chest_3_x,0.7932682109148265,0.01,*viewpoint74
1402,meeting,blade_chest_3_x,0.8193308966138416,0.01,*viewpoint75
1403,meeting,blade_chest_3_x,0.8323407843387916,0.01,*viewpoint80
1404,meeting,blade_chest_3_x,0.8562211390127251,0.01,*viewpoint86
1405,meeting,blade_chest_3_x,0.8426726069809537,0.01,*viewpoint91
1406,meeting,blade_chest_3_x,0.9081792670017638,0.01,*viewpoint93
1407,meeting,blade_chest_3_x,0.8419110351103862,0.1,*viewpoint02
1408,meeting,blade_chest_3_x,0.8801659435236658,0.1,*viewpoint08
1409,meeting,blade_chest_3_x,0.8568088811219026,0.1,*viewpoint12
1410,meeting,blade_chest_3_x,0.9400168342121544,0.1,*viewpoint14
1411,meeting,blade_chest_3_x,0.7913082061103335,0.1,*viewpoint23
1412,meeting,blade_chest_3_x,0.8006769484589022,0.1,*viewpoint32
1413,meeting,blade_chest_3_x,0.9098570267191378,0.1,*viewpoint40
1414,meeting,blade_chest_3_x,0.9120905980953464,0.1,*viewpoint42
1415,meeting,blade_chest_3_x,0.8144270058111602,0.1,*viewpoint45
1416,meeting,blade_chest_3_x,0.8621766677354722,0.1,*viewpoint47
1417,meeting,blade_chest_3_x,0.8973230172089375,0.1,*viewpoint50
1418,meeting,blade_chest_3_x,0.8654573903833731,0.1,*viewpoint55
1419,meeting,blade_chest_3_x,0.9078558111428232,0.1,*viewpoint66
1420,meeting,blade_chest_3_x,0.7936859020707145,0.1,*viewpoint74
1421,meeting,blade_chest_3_x,0.7943213426879071,0.1,*viewpoint75
1422,meeting,blade_chest_3_x,0.8573755548667948,0.1,*viewpoint80
1423,meeting,blade_chest_3_x,0.8754332367852102,0.1,*viewpoint86
1424,meeting,blade_chest_3_x,0.8198093107245382,0.1,*viewpoint91
1425,meeting,blade_chest_3_x,0.904173006083864,0.1,*viewpoint93
1426,meeting,blade_chest_2_y,0.8164968508440661,0.001,*viewpoint02
1427,meeting,blade_chest_2_y,0.8613538684864753,0.001,*viewpoint08
1428,meeting,blade_chest_2_y,0.8355376113992727,0.001,*viewpoint12
1429,meeting,blade_chest_2_y,0.8396639944967264,0.001,*viewpoint14
1430,meeting,blade_chest_2_y,0.7752792167958118,0.001,*viewpoint23
1431,meeting,blade_chest_2_y,0.744088940349929,0.001,*viewpoint32
1432,meeting,blade_chest_2_y,0.8827356547807768,0.001,*viewpoint40
1433,meeting,blade_chest_2_y,0.8533249859552101,0.001,*viewpoint42
1434,meeting,blade_chest_2_y,0.801623104262978,0.001,*viewpoint45
1435,meeting,blade_chest_2_y,0.8256914030133801,0.001,*viewpoint47
1436,meeting,blade_chest_2_y,0.8907224990417861,0.001,*viewpoint50
1437,meeting,blade_chest_2_y,0.8517878066568462,0.001,*viewpoint55
1438,meeting,blade_chest_2_y,0.8467574249671915,0.001,*viewpoint66
1439,meeting,blade_chest_2_y,0.8053087092338522,0.001,*viewpoint74
1440,meeting,blade_chest_2_y,0.8225493527552855,0.001,*viewpoint75
1441,meeting,blade_chest_2_y,0.7957423417286158,0.001,*viewpoint80
1442,meeting,blade_chest_2_y,0.784253798715104,0.001,*viewpoint86
1443,meeting,blade_chest_2_y,0.8391787508650659,0.001,*viewpoint91
1444,meeting,blade_chest_2_y,0.8901801889364658,0.001,*viewpoint93
1445,meeting,blade_chest_2_y,0.8048931394597058,0.01,*viewpoint02
1446,meeting,blade_chest_2_y,0.8681214572663062,0.01,*viewpoint08
1447,meeting,blade_chest_2_y,0.8286485741776334,0.01,*viewpoint12
1448,meeting,blade_chest_2_y,0.867473448467926,0.01,*viewpoint14
1449,meeting,blade_chest_2_y,0.7744056885358936,0.01,*viewpoint23
1450,meeting,blade_chest_2_y,0.7859651542506111,0.01,*viewpoint32
1451,meeting,blade_chest_2_y,0.8629084113214714,0.01,*viewpoint40
1452,meeting,blade_chest_2_y,0.897749115980182,0.01,*viewpoint42
1453,meeting,blade_chest_2_y,0.8304324114480723,0.01,*viewpoint45
1454,meeting,blade_chest_2_y,0.7599305597912499,0.01,*viewpoint47
1455,meeting,blade_chest_2_y,0.8782832626324464,0.01,*viewpoint50
1456,meeting,blade_chest_2_y,0.8123737921249139,0.01,*viewpoint55
1457,meeting,blade_chest_2_y,0.8711752108979121,0.01,*viewpoint66
1458,meeting,blade_chest_2_y,0.7406796727069691,0.01,*viewpoint74
1459,meeting,blade_chest_2_y,0.8363453182396939,0.01,*viewpoint75
1460,meeting,blade_chest_2_y,0.8082200649820819,0.01,*viewpoint80
1461,meeting,blade_chest_2_y,0.8261864408220627,0.01,*viewpoint86
1462,meeting,blade_chest_2_y,0.8112568702330124,0.01,*viewpoint91
1463,meeting,blade_chest_2_y,0.8963172531191841,0.01,*viewpoint93
1464,meeting,blade_chest_2_y,0.7813350734113904,0.1,*viewpoint02
1465,meeting,blade_chest_2_y,0.8638177497685051,0.1,*viewpoint08
1466,meeting,blade_chest_2_y,0.8308567632686518,0.1,*viewpoint12
1467,meeting,blade_chest_2_y,0.8496831679827183,0.1,*viewpoint14
1468,meeting,blade_chest_2_y,0.8053139308259201,0.1,*viewpoint23
1469,meeting,blade_chest_2_y,0.8090939187643688,0.1,*viewpoint32
1470,meeting,blade_chest_2_y,0.8694184509827249,0.1,*viewpoint40
1471,meeting,blade_chest_2_y,0.8965475968300683,0.1,*viewpoint42
1472,meeting,blade_chest_2_y,0.7926305179332097,0.1,*viewpoint45
1473,meeting,blade_chest_2_y,0.7713270734282642,0.1,*viewpoint47
1474,meeting,blade_chest_2_y,0.861870086943218,0.1,*viewpoint50
1475,meeting,blade_chest_2_y,0.8068718163106056,0.1,*viewpoint55
1476,meeting,blade_chest_2_y,0.8735680457227081,0.1,*viewpoint66
1477,meeting,blade_chest_2_y,0.7108594133646441,0.1,*viewpoint74
1478,meeting,blade_chest_2_y,0.7915851768832004,0.1,*viewpoint75
1479,meeting,blade_chest_2_y,0.8423704978373535,0.1,*viewpoint80
1480,meeting,blade_chest_2_y,0.8019017658776443,0.1,*viewpoint86
1481,meeting,blade_chest_2_y,0.7762063058512718,0.1,*viewpoint91
1482,meeting,blade_chest_2_y,0.922908913983596,0.1,*viewpoint93
1483,meeting,blade_chest_3_y,0.8733625111822692,0.001,*viewpoint02
1484,meeting,blade_chest_3_y,0.8535520183410992,0.001,*viewpoint08
1485,meeting,blade_chest_3_y,0.8293737834605805,0.001,*viewpoint12
1486,meeting,blade_chest_3_y,0.8570944373648998,0.001,*viewpoint14
1487,meeting,blade_chest_3_y,0.8024291685579263,0.001,*viewpoint23
1488,meeting,blade_chest_3_y,0.6997920366031462,0.001,*viewpoint32
1489,meeting,blade_chest_3_y,0.8985488808410595,0.001,*viewpoint40
1490,meeting,blade_chest_3_y,0.8714486053219926,0.001,*viewpoint42
1491,meeting,blade_chest_3_y,0.8023105786290355,0.001,*viewpoint45
1492,meeting,blade_chest_3_y,0.8496782801235253,0.001,*viewpoint47
1493,meeting,blade_chest_3_y,0.9154756935314259,0.001,*viewpoint50
1494,meeting,blade_chest_3_y,0.8910787430172448,0.001,*viewpoint55
1495,meeting,blade_chest_3_y,0.855061636136569,0.001,*viewpoint66
1496,meeting,blade_chest_3_y,0.8290955291371971,0.001,*viewpoint74
1497,meeting,blade_chest_3_y,0.8578455973052768,0.001,*viewpoint75
1498,meeting,blade_chest_3_y,0.8184136673970229,0.001,*viewpoint80
1499,meeting,blade_chest_3_y,0.7664042024217489,0.001,*viewpoint86
1500,meeting,blade_chest_3_y,0.8339032474476192,0.001,*viewpoint91
1501,meeting,blade_chest_3_y,0.8878329684920641,0.001,*viewpoint93
1502,meeting,blade_chest_3_y,0.8581896477603708,0.01,*viewpoint02
1503,meeting,blade_chest_3_y,0.867811175883605,0.01,*viewpoint08
1504,meeting,blade_chest_3_y,0.8444411587167009,0.01,*viewpoint12
1505,meeting,blade_chest_3_y,0.8719842427224723,0.01,*viewpoint14
1506,meeting,blade_chest_3_y,0.8001807307391599,0.01,*viewpoint23
1507,meeting,blade_chest_3_y,0.7591860110200601,0.01,*viewpoint32
1508,meeting,blade_chest_3_y,0.9027656225492694,0.01,*viewpoint40
1509,meeting,blade_chest_3_y,0.8713372261751414,0.01,*viewpoint42
1510,meeting,blade_chest_3_y,0.8451364657219259,0.01,*viewpoint45
1511,meeting,blade_chest_3_y,0.854600246360513,0.01,*viewpoint47
1512,meeting,blade_chest_3_y,0.93303279719494,0.01,*viewpoint50
1513,meeting,blade_chest_3_y,0.8726247362042758,0.01,*viewpoint55
1514,meeting,blade_chest_3_y,0.8571492591649488,0.01,*viewpoint66
1515,meeting,blade_chest_3_y,0.8236612561181101,0.01,*viewpoint74
1516,meeting,blade_chest_3_y,0.8383640727863578,0.01,*viewpoint75
1517,meeting,blade_chest_3_y,0.8142402668026519,0.01,*viewpoint80
1518,meeting,blade_chest_3_y,0.8247791632012262,0.01,*viewpoint86
1519,meeting,blade_chest_3_y,0.8301312811216475,0.01,*viewpoint91
1520,meeting,blade_chest_3_y,0.9012693735709516,0.01,*viewpoint93
1521,meeting,blade_chest_3_y,0.8483114382283655,0.1,*viewpoint02
1522,meeting,blade_chest_3_y,0.8806456343239317,0.1,*viewpoint08
1523,meeting,blade_chest_3_y,0.8484566360045472,0.1,*viewpoint12
1524,meeting,blade_chest_3_y,0.9066384323362022,0.1,*viewpoint14
1525,meeting,blade_chest_3_y,0.7932210154746968,0.1,*viewpoint23
1526,meeting,blade_chest_3_y,0.8090331315506536,0.1,*viewpoint32
1527,meeting,blade_chest_3_y,0.9089789664719112,0.1,*viewpoint40
1528,meeting,blade_chest_3_y,0.9123252058414876,0.1,*viewpoint42
1529,meeting,blade_chest_3_y,0.8268140458178616,0.1,*viewpoint45
1530,meeting,blade_chest_3_y,0.8603356400822942,0.1,*viewpoint47
1531,meeting,blade_chest_3_y,0.901114695865912,0.1,*viewpoint50
1532,meeting,blade_chest_3_y,0.858419613176167,0.1,*viewpoint55
1533,meeting,blade_chest_3_y,0.9044118316584931,0.1,*viewpoint66
1534,meeting,blade_chest_3_y,0.7813553079887755,0.1,*viewpoint74
1535,meeting,blade_chest_3_y,0.7976737790126274,0.1,*viewpoint75
1536,meeting,blade_chest_3_y,0.8584713754652561,0.1,*viewpoint80
1537,meeting,blade_chest_3_y,0.8642003237277279,0.1,*viewpoint86
1538,meeting,blade_chest_3_y,0.8064327864648907,0.1,*viewpoint91
1539,meeting,blade_chest_3_y,0.8966895950791887,0.1,*viewpoint93
1540,meeting,bpr_2,0.7846421335769906,0.001,*viewpoint02
1541,meeting,bpr_2,0.8979246487359939,0.001,*viewpoint08
1542,meeting,bpr_2,0.8379897971025887,0.001,*viewpoint12
1543,meeting,bpr_2,0.7573600580273169,0.001,*viewpoint14
1544,meeting,bpr_2,0.7804009870370153,0.001,*viewpoint23
1545,meeting,bpr_2,0.7508948960087779,0.001,*viewpoint32
1546,meeting,bpr_2,0.9340435582063554,0.001,*viewpoint40
1547,meeting,bpr_2,0.8443426576187479,0.001,*viewpoint42
1548,meeting,bpr_2,0.7977843607163714,0.001,*viewpoint45
1549,meeting,bpr_2,0.9470689247441892,0.001,*viewpoint47
1550,meeting,bpr_2,0.9006671875767521,0.001,*viewpoint50
1551,meeting,bpr_2,0.875393797177609,0.001,*viewpoint55
1552,meeting,bpr_2,0.8729125453042584,0.001,*viewpoint66
1553,meeting,bpr_2,0.9201607535462591,0.001,*viewpoint74
1554,meeting,bpr_2,0.8446899419644479,0.001,*viewpoint75
1555,meeting,bpr_2,0.8813052061719052,0.001,*viewpoint80
1556,meeting,bpr_2,0.7739865610432884,0.001,*viewpoint86
1557,meeting,bpr_2,0.9134969226369068,0.001,*viewpoint91
1558,meeting,bpr_2,0.8902823039414027,0.001,*viewpoint93
1559,meeting,bpr_2,0.7983779524327241,0.01,*viewpoint02
1560,meeting,bpr_2,0.9031596462933472,0.01,*viewpoint08
1561,meeting,bpr_2,0.8327681294008233,0.01,*viewpoint12
1562,meeting,bpr_2,0.7548924151944191,0.01,*viewpoint14
1563,meeting,bpr_2,0.7796651100183517,0.01,*viewpoint23
1564,meeting,bpr_2,0.7518514199703236,0.01,*viewpoint32
1565,meeting,bpr_2,0.9356153212980296,0.01,*viewpoint40
1566,meeting,bpr_2,0.8490643204677745,0.01,*viewpoint42
1567,meeting,bpr_2,0.7952043557317637,0.01,*viewpoint45
1568,meeting,bpr_2,0.9606004756491742,0.01,*viewpoint47
1569,meeting,bpr_2,0.9031796862963121,0.01,*viewpoint50
1570,meeting,bpr_2,0.8752246377534569,0.01,*viewpoint55
1571,meeting,bpr_2,0.8654699811067755,0.01,*viewpoint66
1572,meeting,bpr_2,0.933557306771764,0.01,*viewpoint74
1573,meeting,bpr_2,0.8466772679628856,0.01,*viewpoint75
1574,meeting,bpr_2,0.8782800579548522,0.01,*viewpoint80
1575,meeting,bpr_2,0.7712189910073848,0.01,*viewpoint86
1576,meeting,bpr_2,0.9148509037458316,0.01,*viewpoint91
1577,meeting,bpr_2,0.8905667050423834,0.01,*viewpoint93
1578,meeting,bpr_2,0.8524920597147738,0.1,*viewpoint02
1579,meeting,bpr_2,0.8840292638460271,0.1,*viewpoint08
1580,meeting,bpr_2,0.7781886971389096,0.1,*viewpoint12
1581,meeting,bpr_2,0.7633465569059042,0.1,*viewpoint14
1582,meeting,bpr_2,0.7597126116833428,0.1,*viewpoint23
1583,meeting,bpr_2,0.7469500799165573,0.1,*viewpoint32
1584,meeting,bpr_2,0.9465395720262456,0.1,*viewpoint40
1585,meeting,bpr_2,0.8424636797788251,0.1,*viewpoint42
1586,meeting,bpr_2,0.7947951329664297,0.1,*viewpoint45
1587,meeting,bpr_2,0.9570511181354056,0.1,*viewpoint47
1588,meeting,bpr_2,0.9088526247346936,0.1,*viewpoint50
1589,meeting,bpr_2,0.8727386535887092,0.1,*viewpoint55
1590,meeting,bpr_2,0.8079965555766248,0.1,*viewpoint66
1591,meeting,bpr_2,0.9282735267355376,0.1,*viewpoint74
1592,meeting,bpr_2,0.8424470492026117,0.1,*viewpoint75
1593,meeting,bpr_2,0.8394390421322749,0.1,*viewpoint80
1594,meeting,bpr_2,0.6664936688510976,0.1,*viewpoint86
1595,meeting,bpr_2,0.905955134088692,0.1,*viewpoint91
1596,meeting,bpr_2,0.8738415723435474,0.1,*viewpoint93
1597,meeting,bpr_3,0.8675868058147732,0.001,*viewpoint02
1598,meeting,bpr_3,0.8299116198479083,0.001,*viewpoint08
1599,meeting,bpr_3,0.8577332573921573,0.001,*viewpoint12
1600,meeting,bpr_3,0.8529624039309706,0.001,*viewpoint14
1601,meeting,bpr_3,0.8078372451683627,0.001,*viewpoint23
1602,meeting,bpr_3,0.685481868927484,0.001,*viewpoint32
1603,meeting,bpr_3,0.8969800166909278,0.001,*viewpoint40
1604,meeting,bpr_3,0.8198695748849931,0.001,*viewpoint42
1605,meeting,bpr_3,0.7629629581951168,0.001,*viewpoint45
1606,meeting,bpr_3,0.951408914646616,0.001,*viewpoint47
1607,meeting,bpr_3,0.887808326087896,0.001,*viewpoint50
1608,meeting,bpr_3,0.8494596056537498,0.001,*viewpoint55
1609,meeting,bpr_3,0.8952175013026797,0.001,*viewpoint66
1610,meeting,bpr_3,0.9576794123982664,0.001,*viewpoint74
1611,meeting,bpr_3,0.8869554838136218,0.001,*viewpoint75
1612,meeting,bpr_3,0.8631952129406716,0.001,*viewpoint80
1613,meeting,bpr_3,0.7838260375236078,0.001,*viewpoint86
1614,meeting,bpr_3,0.9239153402476414,0.001,*viewpoint91
1615,meeting,bpr_3,0.9059648434860688,0.001,*viewpoint93
1616,meeting,bpr_3,0.862809023241542,0.01,*viewpoint02
1617,meeting,bpr_3,0.8570660381554259,0.01,*viewpoint08
1618,meeting,bpr_3,0.8626199679995471,0.01,*viewpoint12
1619,meeting,bpr_3,0.8426344612604709,0.01,*viewpoint14
1620,meeting,bpr_3,0.8120219430670174,0.01,*viewpoint23
1621,meeting,bpr_3,0.6872607035050979,0.01,*viewpoint32
1622,meeting,bpr_3,0.9051079650774536,0.01,*viewpoint40
1623,meeting,bpr_3,0.8145955690865786,0.01,*viewpoint42
1624,meeting,bpr_3,0.7658752625080455,0.01,*viewpoint45
1625,meeting,bpr_3,0.9564559490232241,0.01,*viewpoint47
1626,meeting,bpr_3,0.8855530810992963,0.01,*viewpoint50
1627,meeting,bpr_3,0.8600522093761429,0.01,*viewpoint55
1628,meeting,bpr_3,0.9050240974197852,0.01,*viewpoint66
1629,meeting,bpr_3,0.9605333573728992,0.01,*viewpoint74
1630,meeting,bpr_3,0.8703841482979736,0.01,*viewpoint75
1631,meeting,bpr_3,0.8782113602951314,0.01,*viewpoint80
1632,meeting,bpr_3,0.8011009425504928,0.01,*viewpoint86
1633,meeting,bpr_3,0.9254302663752628,0.01,*viewpoint91
1634,meeting,bpr_3,0.9054618822422866,0.01,*viewpoint93
1635,meeting,bpr_3,0.8641327061065311,0.1,*viewpoint02
1636,meeting,bpr_3,0.8985587756758425,0.1,*viewpoint08
1637,meeting,bpr_3,0.8811243825380478,0.1,*viewpoint12
1638,meeting,bpr_3,0.8249285809910585,0.1,*viewpoint14
1639,meeting,bpr_3,0.8210748949851521,0.1,*viewpoint23
1640,meeting,bpr_3,0.7452482881290903,0.1,*viewpoint32
1641,meeting,bpr_3,0.8984359070989635,0.1,*viewpoint40
1642,meeting,bpr_3,0.8514123826312344,0.1,*viewpoint42
1643,meeting,bpr_3,0.7835337035538733,0.1,*viewpoint45
1644,meeting,bpr_3,0.927611349969936,0.1,*viewpoint47
1645,meeting,bpr_3,0.8820495834174512,0.1,*viewpoint50
1646,meeting,bpr_3,0.8484519288212542,0.1,*viewpoint55
1647,meeting,bpr_3,0.9222224884834944,0.1,*viewpoint66
1648,meeting,bpr_3,0.9445089648305184,0.1,*viewpoint74
1649,meeting,bpr_3,0.8744282775885641,0.1,*viewpoint75
1650,meeting,bpr_3,0.89155164715362,0.1,*viewpoint80
1651,meeting,bpr_3,0.8609388311649122,0.1,*viewpoint86
1652,meeting,bpr_3,0.9020214919618241,0.1,*viewpoint91
1653,meeting,bpr_3,0.902235162213048,0.1,*viewpoint93
1654,meeting,crowdbt,0.8313052409782262,0.001,*viewpoint02
1655,meeting,crowdbt,0.8118976077321743,0.001,*viewpoint08
1656,meeting,crowdbt,0.8336761821234631,0.001,*viewpoint12
1657,meeting,crowdbt,0.7935267983729211,0.001,*viewpoint14
1658,meeting,crowdbt,0.8075367624014065,0.001,*viewpoint23
1659,meeting,crowdbt,0.673133765702996,0.001,*viewpoint32
1660,meeting,crowdbt,0.7863500571669421,0.001,*viewpoint40
1661,meeting,crowdbt,0.8104057116663403,0.001,*viewpoint42
1662,meeting,crowdbt,0.7415610176608644,0.001,*viewpoint45
1663,meeting,crowdbt,0.7345073907489893,0.001,*viewpoint47
1664,meeting,crowdbt,0.8376164951666996,0.001,*viewpoint50
1665,meeting,crowdbt,0.7517229800495073,0.001,*viewpoint55
1666,meeting,crowdbt,0.8699501789945989,0.001,*viewpoint66
1667,meeting,crowdbt,0.7049792891658903,0.001,*viewpoint74
1668,meeting,crowdbt,0.8571332320739998,0.001,*viewpoint75
1669,meeting,crowdbt,0.8093399175066409,0.001,*viewpoint80
1670,meeting,crowdbt,0.7776455220606587,0.001,*viewpoint86
1671,meeting,crowdbt,0.7932777980578459,0.001,*viewpoint91
1672,meeting,crowdbt,0.8763452409421714,0.001,*viewpoint93
1673,meeting,crowdbt,0.8302047755342891,0.01,*viewpoint02
1674,meeting,crowdbt,0.8117759042368942,0.01,*viewpoint08
1675,meeting,crowdbt,0.8343281216858487,0.01,*viewpoint12
1676,meeting,crowdbt,0.7936342945040394,0.01,*viewpoint14
1677,meeting,crowdbt,0.8085986119591517,0.01,*viewpoint23
1678,meeting,crowdbt,0.673236723663079,0.01,*viewpoint32
1679,meeting,crowdbt,0.7863500571669421,0.01,*viewpoint40
1680,meeting,crowdbt,0.8100797005613533,0.01,*viewpoint42
1681,meeting,crowdbt,0.7413368807720842,0.01,*viewpoint45
1682,meeting,crowdbt,0.7345073907489893,0.01,*viewpoint47
1683,meeting,crowdbt,0.8383099519189948,0.01,*viewpoint50
1684,meeting,crowdbt,0.7510140152734508,0.01,*viewpoint55
1685,meeting,crowdbt,0.8700740569909136,0.01,*viewpoint66
1686,meeting,crowdbt,0.7047753067988163,0.01,*viewpoint74
1687,meeting,crowdbt,0.857740033672879,0.01,*viewpoint75
1688,meeting,crowdbt,0.8102809157758504,0.01,*viewpoint80
1689,meeting,crowdbt,0.778322295375706,0.01,*viewpoint86
1690,meeting,crowdbt,0.7928361461746002,0.01,*viewpoint91
1691,meeting,crowdbt,0.8763452409421714,0.01,*viewpoint93
1692,meeting,crowdbt,0.7801610628612518,0.1,*viewpoint02
1693,meeting,crowdbt,0.8577223097522939,0.1,*viewpoint08
1694,meeting,crowdbt,0.8820251952253386,0.1,*viewpoint12
1695,meeting,crowdbt,0.793713262433083,0.1,*viewpoint14
1696,meeting,crowdbt,0.8042008092487629,0.1,*viewpoint23
1697,meeting,crowdbt,0.7044580906998188,0.1,*viewpoint32
1698,meeting,crowdbt,0.7928657642598096,0.1,*viewpoint40
1699,meeting,crowdbt,0.8179063296717707,0.1,*viewpoint42
1700,meeting,crowdbt,0.7661560930141682,0.1,*viewpoint45
1701,meeting,crowdbt,0.7207528761354551,0.1,*viewpoint47
1702,meeting,crowdbt,0.830353206063974,0.1,*viewpoint50
1703,meeting,crowdbt,0.7227498961855042,0.1,*viewpoint55
1704,meeting,crowdbt,0.9080601506044622,0.1,*viewpoint66
1705,meeting,crowdbt,0.6820663728230603,0.1,*viewpoint74
1706,meeting,crowdbt,0.7895350139248094,0.1,*viewpoint75
1707,meeting,crowdbt,0.8607353217451842,0.1,*viewpoint80
1708,meeting,crowdbt,0.8659162349660982,0.1,*viewpoint86
1709,meeting,crowdbt,0.7498279380644953,0.1,*viewpoint91
1710,meeting,crowdbt,0.8773663201809913,0.1,*viewpoint93
1711,meeting,bt,0.7772980242724086,0.001,*viewpoint02
1712,meeting,bt,0.8027851435929122,0.001,*viewpoint08
1713,meeting,bt,0.8594228612836472,0.001,*viewpoint12
1714,meeting,bt,0.7924090320911582,0.001,*viewpoint14
1715,meeting,bt,0.7486163105117082,0.001,*viewpoint23
1716,meeting,bt,0.6568035368246181,0.001,*viewpoint32
1717,meeting,bt,0.8147305334036782,0.001,*viewpoint40
1718,meeting,bt,0.846611546584063,0.001,*viewpoint42
1719,meeting,bt,0.7967765034150603,0.001,*viewpoint45
1720,meeting,bt,0.7579969610455243,0.001,*viewpoint47
1721,meeting,bt,0.8130774021250381,0.001,*viewpoint50
1722,meeting,bt,0.6838279033610883,0.001,*viewpoint55
1723,meeting,bt,0.8563767213060193,0.001,*viewpoint66
1724,meeting,bt,0.7058047572880818,0.001,*viewpoint74
1725,meeting,bt,0.7628563259706811,0.001,*viewpoint75
1726,meeting,bt,0.8525647050991781,0.001,*viewpoint80
1727,meeting,bt,0.7790209302443962,0.001,*viewpoint86
1728,meeting,bt,0.7651870370999484,0.001,*viewpoint91
1729,meeting,bt,0.8838784865021979,0.001,*viewpoint93
1730,meeting,bt,0.7772980242724086,0.01,*viewpoint02
1731,meeting,bt,0.8027851435929122,0.01,*viewpoint08
1732,meeting,bt,0.8594228612836472,0.01,*viewpoint12
1733,meeting,bt,0.7924090320911582,0.01,*viewpoint14
1734,meeting,bt,0.7486163105117082,0.01,*viewpoint23
1735,meeting,bt,0.6568035368246181,0.01,*viewpoint32
1736,meeting,bt,0.8147305334036782,0.01,*viewpoint40
1737,meeting,bt,0.846611546584063,0.01,*viewpoint42
1738,meeting,bt,0.7967765034150603,0.01,*viewpoint45
1739,meeting,bt,0.7579969610455243,0.01,*viewpoint47
1740,meeting,bt,0.8130774021250381,0.01,*viewpoint50
1741,meeting,bt,0.6838279033610883,0.01,*viewpoint55
1742,meeting,bt,0.8563767213060193,0.01,*viewpoint66
1743,meeting,bt,0.7058047572880818,0.01,*viewpoint74
1744,meeting,bt,0.7628563259706811,0.01,*viewpoint75
1745,meeting,bt,0.8525647050991781,0.01,*viewpoint80
1746,meeting,bt,0.7790209302443962,0.01,*viewpoint86
1747,meeting,bt,0.7651870370999484,0.01,*viewpoint91
1748,meeting,bt,0.8838784865021979,0.01,*viewpoint93
1749,meeting,bt,0.7783765265503211,0.1,*viewpoint02
1750,meeting,bt,0.8105873724223515,0.1,*viewpoint08
1751,meeting,bt,0.8380800408141744,0.1,*viewpoint12
1752,meeting,bt,0.8000838922184376,0.1,*viewpoint14
1753,meeting,bt,0.7324017031510199,0.1,*viewpoint23
1754,meeting,bt,0.6641136632999491,0.1,*viewpoint32
1755,meeting,bt,0.8254000811992178,0.1,*viewpoint40
1756,meeting,bt,0.8585854322823134,0.1,*viewpoint42
1757,meeting,bt,0.8168077393631032,0.1,*viewpoint45
1758,meeting,bt,0.7673385614525621,0.1,*viewpoint47
1759,meeting,bt,0.8264532255151603,0.1,*viewpoint50
1760,meeting,bt,0.7020995013046024,0.1,*viewpoint55
1761,meeting,bt,0.8456377841882774,0.1,*viewpoint66
1762,meeting,bt,0.7192695234638389,0.1,*viewpoint74
1763,meeting,bt,0.7447804182490309,0.1,*viewpoint75
1764,meeting,bt,0.8316175941450813,0.1,*viewpoint80
1765,meeting,bt,0.7645873822020923,0.1,*viewpoint86
1766,meeting,bt,0.7776445340848438,0.1,*viewpoint91
1767,meeting,bt,0.8857128882458105,0.1,*viewpoint93
1768,night,crowdea_2,0.8993624648314251,,*viewpoint01
1769,night,crowdea_2,0.7878471577844421,,*viewpoint03
1770,night,crowdea_2,0.7098966081107156,,*viewpoint20
1771,night,crowdea_2,0.9661682288630098,,*viewpoint21
1772,night,crowdea_2,0.9304824883283458,,*viewpoint24
1773,night,crowdea_2,0.8857006915313296,,*viewpoint28
1774,night,crowdea_2,0.8823446753231852,,*viewpoint35
1775,night,crowdea_2,0.8972483319129769,,*viewpoint52
1776,night,crowdea_2,0.8214681000261638,,*viewpoint53
1777,night,crowdea_2,0.9794034193307896,,*viewpoint60
1778,night,crowdea_2,0.943543774822745,,*viewpoint63
1779,night,crowdea_2,0.9085079874940674,,*viewpoint65
1780,night,crowdea_2,0.930685094566354,,*viewpoint68
1781,night,crowdea_2,0.7843946508692471,,*viewpoint70
1782,night,crowdea_2,0.8151675263943721,,*viewpoint75
1783,night,crowdea_2,0.9623901077880752,,*viewpoint76
1784,night,crowdea_2,0.7878997542943963,,*viewpoint78
1785,night,crowdea_2,0.9579274151003588,,*viewpoint79
1786,night,crowdea_2,0.893208417624029,,*viewpoint80
1787,night,crowdea_2,0.8585768734416379,,*viewpoint83
1788,night,crowdea_2,0.8579661988242917,,*viewpoint84
1789,night,crowdea_2,0.7149528717924901,,*viewpoint91
1790,night,crowdea_2,0.8626954468797984,,*viewpoint96
1791,night,crowdea_2,0.7233497925501712,,*viewpoint98
1792,night,crowdea_3,0.9952135816040208,,*viewpoint01
1793,night,crowdea_3,0.9610918666887008,,*viewpoint03
1794,night,crowdea_3,0.7812868132520058,,*viewpoint20
1795,night,crowdea_3,0.9781998456589208,,*viewpoint21
1796,night,crowdea_3,0.9630540023295652,,*viewpoint24
1797,night,crowdea_3,0.9354846132110024,,*viewpoint28
1798,night,crowdea_3,0.895332883840777,,*viewpoint35
1799,night,crowdea_3,0.9386875183492046,,*viewpoint52
1800,night,crowdea_3,0.9705876044178634,,*viewpoint53
1801,night,crowdea_3,0.9813320549242014,,*viewpoint60
1802,night,crowdea_3,0.9519810484578276,,*viewpoint63
1803,night,crowdea_3,0.9735674401677455,,*viewpoint65
1804,night,crowdea_3,0.9562143368827979,,*viewpoint68
1805,night,crowdea_3,0.9351864340288856,,*viewpoint70
1806,night,crowdea_3,0.9847612202973212,,*viewpoint75
1807,night,crowdea_3,0.9753702533012716,,*viewpoint76
1808,night,crowdea_3,0.9361320233242888,,*viewpoint78
1809,night,crowdea_3,0.9641630079909173,,*viewpoint79
1810,night,crowdea_3,0.9279046367947154,,*viewpoint80
1811,night,crowdea_3,0.868496351137619,,*viewpoint83
1812,night,crowdea_3,0.8817900745109559,,*viewpoint84
1813,night,crowdea_3,0.8811477205224003,,*viewpoint91
1814,night,crowdea_3,0.8258884963063952,,*viewpoint96
1815,night,crowdea_3,0.9798433889113952,,*viewpoint98
1816,night,blade_chest_2_x,0.9076869951758058,0.001,*viewpoint01
1817,night,blade_chest_2_x,0.5893198084728632,0.001,*viewpoint03
1818,night,blade_chest_2_x,0.8320766163301795,0.001,*viewpoint20
1819,night,blade_chest_2_x,0.9333038363202816,0.001,*viewpoint21
1820,night,blade_chest_2_x,0.9206313354411392,0.001,*viewpoint24
1821,night,blade_chest_2_x,0.8694904260255396,0.001,*viewpoint28
1822,night,blade_chest_2_x,0.8306537163533312,0.001,*viewpoint35
1823,night,blade_chest_2_x,0.8157019626946331,0.001,*viewpoint52
1824,night,blade_chest_2_x,0.6494359445947384,0.001,*viewpoint53
1825,night,blade_chest_2_x,0.8922542286593791,0.001,*viewpoint60
1826,night,blade_chest_2_x,0.9367549237337264,0.001,*viewpoint63
1827,night,blade_chest_2_x,0.9322356224229555,0.001,*viewpoint65
1828,night,blade_chest_2_x,0.9098535649721592,0.001,*viewpoint68
1829,night,blade_chest_2_x,0.6432041170629589,0.001,*viewpoint70
1830,night,blade_chest_2_x,0.8683610959391412,0.001,*viewpoint75
1831,night,blade_chest_2_x,0.8256830562772144,0.001,*viewpoint76
1832,night,blade_chest_2_x,0.6649262364028429,0.001,*viewpoint78
1833,night,blade_chest_2_x,0.9007505507694584,0.001,*viewpoint79
1834,night,blade_chest_2_x,0.8744535099439675,0.001,*viewpoint80
1835,night,blade_chest_2_x,0.8488266569924363,0.001,*viewpoint83
1836,night,blade_chest_2_x,0.8755382434514993,0.001,*viewpoint84
1837,night,blade_chest_2_x,0.7240442344473924,0.001,*viewpoint91
1838,night,blade_chest_2_x,0.8447301673798744,0.001,*viewpoint96
1839,night,blade_chest_2_x,0.9270258838125941,0.001,*viewpoint98
1840,night,blade_chest_2_x,0.8765302177013805,0.01,*viewpoint01
1841,night,blade_chest_2_x,0.7670504136970752,0.01,*viewpoint03
1842,night,blade_chest_2_x,0.8038109796566522,0.01,*viewpoint20
1843,night,blade_chest_2_x,0.915011569362768,0.01,*viewpoint21
1844,night,blade_chest_2_x,0.8945977576685522,0.01,*viewpoint24
1845,night,blade_chest_2_x,0.9095266153507352,0.01,*viewpoint28
1846,night,blade_chest_2_x,0.8282329299181597,0.01,*viewpoint35
1847,night,blade_chest_2_x,0.8358970228924641,0.01,*viewpoint52
1848,night,blade_chest_2_x,0.7971200514341537,0.01,*viewpoint53
1849,night,blade_chest_2_x,0.8387707020212529,0.01,*viewpoint60
1850,night,blade_chest_2_x,0.9352029852892579,0.01,*viewpoint63
1851,night,blade_chest_2_x,0.90062922689113,0.01,*viewpoint65
1852,night,blade_chest_2_x,0.8831260189289648,0.01,*viewpoint68
1853,night,blade_chest_2_x,0.793312355280506,0.01,*viewpoint70
1854,night,blade_chest_2_x,0.8290114311478171,0.01,*viewpoint75
1855,night,blade_chest_2_x,0.7680161386780736,0.01,*viewpoint76
1856,night,blade_chest_2_x,0.8181694420625516,0.01,*viewpoint78
1857,night,blade_chest_2_x,0.8566931956455974,0.01,*viewpoint79
1858,night,blade_chest_2_x,0.9097016715372964,0.01,*viewpoint80
1859,night,blade_chest_2_x,0.8750500723259691,0.01,*viewpoint83
1860,night,blade_chest_2_x,0.8331128109243753,0.01,*viewpoint84
1861,night,blade_chest_2_x,0.7639804883328899,0.01,*viewpoint91
1862,night,blade_chest_2_x,0.8927010679041515,0.01,*viewpoint96
1863,night,blade_chest_2_x,0.9020234517830402,0.01,*viewpoint98
1864,night,blade_chest_2_x,0.7668185760013576,0.1,*viewpoint01
1865,night,blade_chest_2_x,0.8763192230171354,0.1,*viewpoint03
1866,night,blade_chest_2_x,0.7234978557539714,0.1,*viewpoint20
1867,night,blade_chest_2_x,0.8965202071602643,0.1,*viewpoint21
1868,night,blade_chest_2_x,0.9142556140722979,0.1,*viewpoint24
1869,night,blade_chest_2_x,0.924974099490698,0.1,*viewpoint28
1870,night,blade_chest_2_x,0.8321700415473335,0.1,*viewpoint35
1871,night,blade_chest_2_x,0.8796609276996862,0.1,*viewpoint52
1872,night,blade_chest_2_x,0.8861596091131726,0.1,*viewpoint53
1873,night,blade_chest_2_x,0.8194442466177492,0.1,*viewpoint60
1874,night,blade_chest_2_x,0.9306868697125454,0.1,*viewpoint63
1875,night,blade_chest_2_x,0.9104293264022042,0.1,*viewpoint65
1876,night,blade_chest_2_x,0.8962028339303489,0.1,*viewpoint68
1877,night,blade_chest_2_x,0.8694257075878115,0.1,*viewpoint70
1878,night,blade_chest_2_x,0.6885649504256842,0.1,*viewpoint75
1879,night,blade_chest_2_x,0.7557297295438019,0.1,*viewpoint76
1880,night,blade_chest_2_x,0.8974470339141916,0.1,*viewpoint78
1881,night,blade_chest_2_x,0.790458412901216,0.1,*viewpoint79
1882,night,blade_chest_2_x,0.9380932759494036,0.1,*viewpoint80
1883,night,blade_chest_2_x,0.8665597225909312,0.1,*viewpoint83
1884,night,blade_chest_2_x,0.8373848036624638,0.1,*viewpoint84
1885,night,blade_chest_2_x,0.7896118996035353,0.1,*viewpoint91
1886,night,blade_chest_2_x,0.918921365419346,0.1,*viewpoint96
1887,night,blade_chest_2_x,0.8614791879296144,0.1,*viewpoint98
1888,night,blade_chest_3_x,0.9784354512361324,0.001,*viewpoint01
1889,night,blade_chest_3_x,0.7789493211522688,0.001,*viewpoint03
1890,night,blade_chest_3_x,0.7871012530662613,0.001,*viewpoint20
1891,night,blade_chest_3_x,0.9234289119401498,0.001,*viewpoint21
1892,night,blade_chest_3_x,0.956890007371192,0.001,*viewpoint24
1893,night,blade_chest_3_x,0.9187732968292832,0.001,*viewpoint28
1894,night,blade_chest_3_x,0.8207122039651931,0.001,*viewpoint35
1895,night,blade_chest_3_x,0.8548860814694262,0.001,*viewpoint52
1896,night,blade_chest_3_x,0.8205287186908321,0.001,*viewpoint53
1897,night,blade_chest_3_x,0.9006971809304046,0.001,*viewpoint60
1898,night,blade_chest_3_x,0.9621733860133876,0.001,*viewpoint63
1899,night,blade_chest_3_x,0.9533639491989936,0.001,*viewpoint65
1900,night,blade_chest_3_x,0.9232795233240674,0.001,*viewpoint68
1901,night,blade_chest_3_x,0.8097193929162181,0.001,*viewpoint70
1902,night,blade_chest_3_x,0.9549017822316008,0.001,*viewpoint75
1903,night,blade_chest_3_x,0.8137652213727988,0.001,*viewpoint76
1904,night,blade_chest_3_x,0.8351445527907888,0.001,*viewpoint78
1905,night,blade_chest_3_x,0.9196840680990565,0.001,*viewpoint79
1906,night,blade_chest_3_x,0.900299314114553,0.001,*viewpoint80
1907,night,blade_chest_3_x,0.8465332298362727,0.001,*viewpoint83
1908,night,blade_chest_3_x,0.8735605171361198,0.001,*viewpoint84
1909,night,blade_chest_3_x,0.8254038151002552,0.001,*viewpoint91
1910,night,blade_chest_3_x,0.9145752608576468,0.001,*viewpoint96
1911,night,blade_chest_3_x,0.9609006974597626,0.001,*viewpoint98
1912,night,blade_chest_3_x,0.9056073162040588,0.01,*viewpoint01
1913,night,blade_chest_3_x,0.8993600735220401,0.01,*viewpoint03
1914,night,blade_chest_3_x,0.7406574385353437,0.01,*viewpoint20
1915,night,blade_chest_3_x,0.9051419997248722,0.01,*viewpoint21
1916,night,blade_chest_3_x,0.9244831637200168,0.01,*viewpoint24
1917,night,blade_chest_3_x,0.9300064151301262,0.01,*viewpoint28
1918,night,blade_chest_3_x,0.8436710038532036,0.01,*viewpoint35
1919,night,blade_chest_3_x,0.8803329014147168,0.01,*viewpoint52
1920,night,blade_chest_3_x,0.8957810562418085,0.01,*viewpoint53
1921,night,blade_chest_3_x,0.8699727985430548,0.01,*viewpoint60
1922,night,blade_chest_3_x,0.9569935806275436,0.01,*viewpoint63
1923,night,blade_chest_3_x,0.9285341452642653,0.01,*viewpoint65
1924,night,blade_chest_3_x,0.916086625557004,0.01,*viewpoint68
1925,night,blade_chest_3_x,0.8759922143391398,0.01,*viewpoint70
1926,night,blade_chest_3_x,0.8566911450025437,0.01,*viewpoint75
1927,night,blade_chest_3_x,0.7892305764725296,0.01,*viewpoint76
1928,night,blade_chest_3_x,0.9140805437982384,0.01,*viewpoint78
1929,night,blade_chest_3_x,0.8622274818160448,0.01,*viewpoint79
1930,night,blade_chest_3_x,0.9149052989901368,0.01,*viewpoint80
1931,night,blade_chest_3_x,0.8740658717312955,0.01,*viewpoint83
1932,night,blade_chest_3_x,0.8473006584720382,0.01,*viewpoint84
1933,night,blade_chest_3_x,0.838348107998054,0.01,*viewpoint91
1934,night,blade_chest_3_x,0.947519109621075,0.01,*viewpoint96
1935,night,blade_chest_3_x,0.9004833313543044,0.01,*viewpoint98
1936,night,blade_chest_3_x,0.7950682056724192,0.1,*viewpoint01
1937,night,blade_chest_3_x,0.9340060362389232,0.1,*viewpoint03
1938,night,blade_chest_3_x,0.7874549733403299,0.1,*viewpoint20
1939,night,blade_chest_3_x,0.8804624357490437,0.1,*viewpoint21
1940,night,blade_chest_3_x,0.9052732633959619,0.1,*viewpoint24
1941,night,blade_chest_3_x,0.9231305711432182,0.1,*viewpoint28
1942,night,blade_chest_3_x,0.8375183302602552,0.1,*viewpoint35
1943,night,blade_chest_3_x,0.8686328230231588,0.1,*viewpoint52
1944,night,blade_chest_3_x,0.9228760526443159,0.1,*viewpoint53
1945,night,blade_chest_3_x,0.8247265536279011,0.1,*viewpoint60
1946,night,blade_chest_3_x,0.9323215649250964,0.1,*viewpoint63
1947,night,blade_chest_3_x,0.910645187522662,0.1,*viewpoint65
1948,night,blade_chest_3_x,0.8833022602302226,0.1,*viewpoint68
1949,night,blade_chest_3_x,0.901921388377108,0.1,*viewpoint70
1950,night,blade_chest_3_x,0.6905613150997676,0.1,*viewpoint75
1951,night,blade_chest_3_x,0.7776626116617804,0.1,*viewpoint76
1952,night,blade_chest_3_x,0.9273089298949372,0.1,*viewpoint78
1953,night,blade_chest_3_x,0.7919109931542536,0.1,*viewpoint79
1954,night,blade_chest_3_x,0.9209839721687344,0.1,*viewpoint80
1955,night,blade_chest_3_x,0.8765145711141027,0.1,*viewpoint83
1956,night,blade_chest_3_x,0.8555200639392099,0.1,*viewpoint84
1957,night,blade_chest_3_x,0.8320992488378105,0.1,*viewpoint91
1958,night,blade_chest_3_x,0.9650642947219013,0.1,*viewpoint96
1959,night,blade_chest_3_x,0.8702139201533562,0.1,*viewpoint98
1960,night,blade_chest_2_y,0.6563686842908215,0.001,*viewpoint01
1961,night,blade_chest_2_y,0.9269496860625837,0.001,*viewpoint03
1962,night,blade_chest_2_y,0.5404174891464453,0.001,*viewpoint20
1963,night,blade_chest_2_y,0.8483339535081227,0.001,*viewpoint21
1964,night,blade_chest_2_y,0.9207066585621704,0.001,*viewpoint24
1965,night,blade_chest_2_y,0.9334066997470899,0.001,*viewpoint28
1966,night,blade_chest_2_y,0.8147784376886702,0.001,*viewpoint35
1967,night,blade_chest_2_y,0.9227472712532742,0.001,*viewpoint52
1968,night,blade_chest_2_y,0.9263490833718164,0.001,*viewpoint53
1969,night,blade_chest_2_y,0.7680505812333686,0.001,*viewpoint60
1970,night,blade_chest_2_y,0.910128697639742,0.001,*viewpoint63
1971,night,blade_chest_2_y,0.9156031607794832,0.001,*viewpoint65
1972,night,blade_chest_2_y,0.8681968789419962,0.001,*viewpoint68
1973,night,blade_chest_2_y,0.8970451059144823,0.001,*viewpoint70
1974,night,blade_chest_2_y,0.5850545064141287,0.001,*viewpoint75
1975,night,blade_chest_2_y,0.7745352514932112,0.001,*viewpoint76
1976,night,blade_chest_2_y,0.9449851702124016,0.001,*viewpoint78
1977,night,blade_chest_2_y,0.7283339055632461,0.001,*viewpoint79
1978,night,blade_chest_2_y,0.9531303021973512,0.001,*viewpoint80
1979,night,blade_chest_2_y,0.8499782614446407,0.001,*viewpoint83
1980,night,blade_chest_2_y,0.8047994615133875,0.001,*viewpoint84
1981,night,blade_chest_2_y,0.7502835607532575,0.001,*viewpoint91
1982,night,blade_chest_2_y,0.9253211303633192,0.001,*viewpoint96
1983,night,blade_chest_2_y,0.8395528539394731,0.001,*viewpoint98
1984,night,blade_chest_2_y,0.7093555803593171,0.01,*viewpoint01
1985,night,blade_chest_2_y,0.8826727483220832,0.01,*viewpoint03
1986,night,blade_chest_2_y,0.6082702693880311,0.01,*viewpoint20
1987,night,blade_chest_2_y,0.8586706034792875,0.01,*viewpoint21
1988,night,blade_chest_2_y,0.9095911057823372,0.01,*viewpoint24
1989,night,blade_chest_2_y,0.9385545083601868,0.01,*viewpoint28
1990,night,blade_chest_2_y,0.8152745102673664,0.01,*viewpoint35
1991,night,blade_chest_2_y,0.8950862216413306,0.01,*viewpoint52
1992,night,blade_chest_2_y,0.8980177868569535,0.01,*viewpoint53
1993,night,blade_chest_2_y,0.7782702046494997,0.01,*viewpoint60
1994,night,blade_chest_2_y,0.9010092441511032,0.01,*viewpoint63
1995,night,blade_chest_2_y,0.8980657287030939,0.01,*viewpoint65
1996,night,blade_chest_2_y,0.8686534807671557,0.01,*viewpoint68
1997,night,blade_chest_2_y,0.8720267944784408,0.01,*viewpoint70
1998,night,blade_chest_2_y,0.6353695141232201,0.01,*viewpoint75
1999,night,blade_chest_2_y,0.7504716060969149,0.01,*viewpoint76
2000,night,blade_chest_2_y,0.924916205262009,0.01,*viewpoint78
2001,night,blade_chest_2_y,0.7460367373162349,0.01,*viewpoint79
2002,night,blade_chest_2_y,0.9520392027494816,0.01,*viewpoint80
2003,night,blade_chest_2_y,0.8794175363656678,0.01,*viewpoint83
2004,night,blade_chest_2_y,0.8102786793117013,0.01,*viewpoint84
2005,night,blade_chest_2_y,0.7481196941982318,0.01,*viewpoint91
2006,night,blade_chest_2_y,0.9140004016981172,0.01,*viewpoint96
2007,night,blade_chest_2_y,0.8559432627203465,0.01,*viewpoint98
2008,night,blade_chest_2_y,0.7075910136998033,0.1,*viewpoint01
2009,night,blade_chest_2_y,0.9159819573332024,0.1,*viewpoint03
2010,night,blade_chest_2_y,0.6587235046968472,0.1,*viewpoint20
2011,night,blade_chest_2_y,0.8862136881103106,0.1,*viewpoint21
2012,night,blade_chest_2_y,0.9126909433063984,0.1,*viewpoint24
2013,night,blade_chest_2_y,0.9264600961334104,0.1,*viewpoint28
2014,night,blade_chest_2_y,0.829663154883984,0.1,*viewpoint35
2015,night,blade_chest_2_y,0.8997662266014907,0.1,*viewpoint52
2016,night,blade_chest_2_y,0.92267147080843,0.1,*viewpoint53
2017,night,blade_chest_2_y,0.8078075075130919,0.1,*viewpoint60
2018,night,blade_chest_2_y,0.9209860425030776,0.1,*viewpoint63
2019,night,blade_chest_2_y,0.922033955425667,0.1,*viewpoint65
2020,night,blade_chest_2_y,0.8880211787143885,0.1,*viewpoint68
2021,night,blade_chest_2_y,0.9058712985218944,0.1,*viewpoint70
2022,night,blade_chest_2_y,0.6158198911673232,0.1,*viewpoint75
2023,night,blade_chest_2_y,0.7609074726086482,0.1,*viewpoint76
2024,night,blade_chest_2_y,0.9439357931761304,0.1,*viewpoint78
2025,night,blade_chest_2_y,0.7592430118471816,0.1,*viewpoint79
2026,night,blade_chest_2_y,0.9540173551683988,0.1,*viewpoint80
2027,night,blade_chest_2_y,0.8708286042403934,0.1,*viewpoint83
2028,night,blade_chest_2_y,0.8289248296993357,0.1,*viewpoint84
2029,night,blade_chest_2_y,0.802852839369832,0.1,*viewpoint91
2030,night,blade_chest_2_y,0.9307078849936262,0.1,*viewpoint96
2031,night,blade_chest_2_y,0.8487671382680548,0.1,*viewpoint98
2032,night,blade_chest_3_y,0.6221360028882286,0.001,*viewpoint01
2033,night,blade_chest_3_y,0.9453622246149316,0.001,*viewpoint03
2034,night,blade_chest_3_y,0.5688412201977716,0.001,*viewpoint20
2035,night,blade_chest_3_y,0.8424809811209631,0.001,*viewpoint21
2036,night,blade_chest_3_y,0.9247747217164508,0.001,*viewpoint24
2037,night,blade_chest_3_y,0.9394439442482272,0.001,*viewpoint28
2038,night,blade_chest_3_y,0.8869283099551524,0.001,*viewpoint35
2039,night,blade_chest_3_y,0.905766589713835,0.001,*viewpoint52
2040,night,blade_chest_3_y,0.9521523033994554,0.001,*viewpoint53
2041,night,blade_chest_3_y,0.7807937732886095,0.001,*viewpoint60
2042,night,blade_chest_3_y,0.9065833153511372,0.001,*viewpoint63
2043,night,blade_chest_3_y,0.9209560415615942,0.001,*viewpoint65
2044,night,blade_chest_3_y,0.8674163564929672,0.001,*viewpoint68
2045,night,blade_chest_3_y,0.9237951808102194,0.001,*viewpoint70
2046,night,blade_chest_3_y,0.5036259838489235,0.001,*viewpoint75
2047,night,blade_chest_3_y,0.773697548220596,0.001,*viewpoint76
2048,night,blade_chest_3_y,0.9424176125730492,0.001,*viewpoint78
2049,night,blade_chest_3_y,0.7261631880145116,0.001,*viewpoint79
2050,night,blade_chest_3_y,0.959841756024708,0.001,*viewpoint80
2051,night,blade_chest_3_y,0.8582333009640081,0.001,*viewpoint83
2052,night,blade_chest_3_y,0.8290736101463385,0.001,*viewpoint84
2053,night,blade_chest_3_y,0.8494615935330647,0.001,*viewpoint91
2054,night,blade_chest_3_y,0.9705433087150996,0.001,*viewpoint96
2055,night,blade_chest_3_y,0.8303624738776009,0.001,*viewpoint98
2056,night,blade_chest_3_y,0.743855725641139,0.01,*viewpoint01
2057,night,blade_chest_3_y,0.9139805199636399,0.01,*viewpoint03
2058,night,blade_chest_3_y,0.6977076088638229,0.01,*viewpoint20
2059,night,blade_chest_3_y,0.8731067937499603,0.01,*viewpoint21
2060,night,blade_chest_3_y,0.9190573051653111,0.01,*viewpoint24
2061,night,blade_chest_3_y,0.927568636218758,0.01,*viewpoint28
2062,night,blade_chest_3_y,0.8456248895685613,0.01,*viewpoint35
2063,night,blade_chest_3_y,0.8913476105191627,0.01,*viewpoint52
2064,night,blade_chest_3_y,0.9430464530030096,0.01,*viewpoint53
2065,night,blade_chest_3_y,0.820618988344356,0.01,*viewpoint60
2066,night,blade_chest_3_y,0.9274252608987807,0.01,*viewpoint63
2067,night,blade_chest_3_y,0.9267497637521328,0.01,*viewpoint65
2068,night,blade_chest_3_y,0.8696519117497261,0.01,*viewpoint68
2069,night,blade_chest_3_y,0.9106054717085325,0.01,*viewpoint70
2070,night,blade_chest_3_y,0.6540989294893893,0.01,*viewpoint75
2071,night,blade_chest_3_y,0.7925807668739462,0.01,*viewpoint76
2072,night,blade_chest_3_y,0.9407473355884458,0.01,*viewpoint78
2073,night,blade_chest_3_y,0.7960259701371708,0.01,*viewpoint79
2074,night,blade_chest_3_y,0.9383433586187442,0.01,*viewpoint80
2075,night,blade_chest_3_y,0.8669541649687198,0.01,*viewpoint83
2076,night,blade_chest_3_y,0.8578387561378945,0.01,*viewpoint84
2077,night,blade_chest_3_y,0.8713688177462424,0.01,*viewpoint91
2078,night,blade_chest_3_y,0.9564196771091424,0.01,*viewpoint96
2079,night,blade_chest_3_y,0.8552304309980966,0.01,*viewpoint98
2080,night,blade_chest_3_y,0.7697560664327311,0.1,*viewpoint01
2081,night,blade_chest_3_y,0.9401552834694704,0.1,*viewpoint03
2082,night,blade_chest_3_y,0.7691672015625298,0.1,*viewpoint20
2083,night,blade_chest_3_y,0.8719903593849525,0.1,*viewpoint21
2084,night,blade_chest_3_y,0.9031652501959712,0.1,*viewpoint24
2085,night,blade_chest_3_y,0.9318987637097844,0.1,*viewpoint28
2086,night,blade_chest_3_y,0.8299268488529201,0.1,*viewpoint35
2087,night,blade_chest_3_y,0.902465621684598,0.1,*viewpoint52
2088,night,blade_chest_3_y,0.9420131493121754,0.1,*viewpoint53
2089,night,blade_chest_3_y,0.8140391649212099,0.1,*viewpoint60
2090,night,blade_chest_3_y,0.9354620862597888,0.1,*viewpoint63
2091,night,blade_chest_3_y,0.9045939688341136,0.1,*viewpoint65
2092,night,blade_chest_3_y,0.8777446219284621,0.1,*viewpoint68
2093,night,blade_chest_3_y,0.9118612056716852,0.1,*viewpoint70
2094,night,blade_chest_3_y,0.6532256492586859,0.1,*viewpoint75
2095,night,blade_chest_3_y,0.7736572323752611,0.1,*viewpoint76
2096,night,blade_chest_3_y,0.9388154136094548,0.1,*viewpoint78
2097,night,blade_chest_3_y,0.7794068763576322,0.1,*viewpoint79
2098,night,blade_chest_3_y,0.9369783869292778,0.1,*viewpoint80
2099,night,blade_chest_3_y,0.8635989922509859,0.1,*viewpoint83
2100,night,blade_chest_3_y,0.8627048327028932,0.1,*viewpoint84
2101,night,blade_chest_3_y,0.8264465647586998,0.1,*viewpoint91
2102,night,blade_chest_3_y,0.9511037401923068,0.1,*viewpoint96
2103,night,blade_chest_3_y,0.864517760387024,0.1,*viewpoint98
2104,night,bpr_2,0.8938381305013601,0.001,*viewpoint01
2105,night,bpr_2,0.8645416132591407,0.001,*viewpoint03
2106,night,bpr_2,0.7089600445022064,0.001,*viewpoint20
2107,night,bpr_2,0.9718767408386719,0.001,*viewpoint21
2108,night,bpr_2,0.8791507394184005,0.001,*viewpoint24
2109,night,bpr_2,0.8699306356030373,0.001,*viewpoint28
2110,night,bpr_2,0.9387403379676168,0.001,*viewpoint35
2111,night,bpr_2,0.8253882868625428,0.001,*viewpoint52
2112,night,bpr_2,0.8896801429184801,0.001,*viewpoint53
2113,night,bpr_2,0.9294418370913684,0.001,*viewpoint60
2114,night,bpr_2,0.9295355627565198,0.001,*viewpoint63
2115,night,bpr_2,0.8855378398754888,0.001,*viewpoint65
2116,night,bpr_2,0.9099025706551556,0.001,*viewpoint68
2117,night,bpr_2,0.8373379411577291,0.001,*viewpoint70
2118,night,bpr_2,0.8126286411156557,0.001,*viewpoint75
2119,night,bpr_2,0.8601420738798832,0.001,*viewpoint76
2120,night,bpr_2,0.7903926600781673,0.001,*viewpoint78
2121,night,bpr_2,0.9154568522599495,0.001,*viewpoint79
2122,night,bpr_2,0.8720576874544904,0.001,*viewpoint80
2123,night,bpr_2,0.8844282488008995,0.001,*viewpoint83
2124,night,bpr_2,0.8361553856729077,0.001,*viewpoint84
2125,night,bpr_2,0.7217404094528881,0.001,*viewpoint91
2126,night,bpr_2,0.913159989745028,0.001,*viewpoint96
2127,night,bpr_2,0.7488688740941998,0.001,*viewpoint98
2128,night,bpr_2,0.8758823181285414,0.01,*viewpoint01
2129,night,bpr_2,0.8151089602602175,0.01,*viewpoint03
2130,night,bpr_2,0.7279021520501445,0.01,*viewpoint20
2131,night,bpr_2,0.9749846390928354,0.01,*viewpoint21
2132,night,bpr_2,0.8902211650550316,0.01,*viewpoint24
2133,night,bpr_2,0.8800941156006425,0.01,*viewpoint28
2134,night,bpr_2,0.9243216111228209,0.01,*viewpoint35
2135,night,bpr_2,0.8618857770831279,0.01,*viewpoint52
2136,night,bpr_2,0.8752976388196178,0.01,*viewpoint53
2137,night,bpr_2,0.9626192151126024,0.01,*viewpoint60
2138,night,bpr_2,0.9291296208517474,0.01,*viewpoint63
2139,night,bpr_2,0.8733014658861379,0.01,*viewpoint65
2140,night,bpr_2,0.9118791885074145,0.01,*viewpoint68
2141,night,bpr_2,0.8036699650047379,0.01,*viewpoint70
2142,night,bpr_2,0.7670138138252734,0.01,*viewpoint75
2143,night,bpr_2,0.9134282560748036,0.01,*viewpoint76
2144,night,bpr_2,0.7600086000385328,0.01,*viewpoint78
2145,night,bpr_2,0.9537409921710096,0.01,*viewpoint79
2146,night,bpr_2,0.8600999666190211,0.01,*viewpoint80
2147,night,bpr_2,0.9062077186875628,0.01,*viewpoint83
2148,night,bpr_2,0.8422006680580889,0.01,*viewpoint84
2149,night,bpr_2,0.7588227499559096,0.01,*viewpoint91
2150,night,bpr_2,0.903712973263188,0.01,*viewpoint96
2151,night,bpr_2,0.7421560702328315,0.01,*viewpoint98
2152,night,bpr_2,0.8387330696660611,0.1,*viewpoint01
2153,night,bpr_2,0.8890707651999894,0.1,*viewpoint03
2154,night,bpr_2,0.6017713592026773,0.1,*viewpoint20
2155,night,bpr_2,0.9690164757232214,0.1,*viewpoint21
2156,night,bpr_2,0.9149302695699064,0.1,*viewpoint24
2157,night,bpr_2,0.8510324493237258,0.1,*viewpoint28
2158,night,bpr_2,0.9401278750149458,0.1,*viewpoint35
2159,night,bpr_2,0.8836392058625366,0.1,*viewpoint52
2160,night,bpr_2,0.920926508730504,0.1,*viewpoint53
2161,night,bpr_2,0.9781668334969861,0.1,*viewpoint60
2162,night,bpr_2,0.9402201003032056,0.1,*viewpoint63
2163,night,bpr_2,0.8976058823539479,0.1,*viewpoint65
2164,night,bpr_2,0.9227288624234378,0.1,*viewpoint68
2165,night,bpr_2,0.8189526572164624,0.1,*viewpoint70
2166,night,bpr_2,0.7356395039210186,0.1,*viewpoint75
2167,night,bpr_2,0.9661364396942996,0.1,*viewpoint76
2168,night,bpr_2,0.8163338715309417,0.1,*viewpoint78
2169,night,bpr_2,0.9491596899146038,0.1,*viewpoint79
2170,night,bpr_2,0.861855259649566,0.1,*viewpoint80
2171,night,bpr_2,0.8502340585787457,0.1,*viewpoint83
2172,night,bpr_2,0.8386773023883832,0.1,*viewpoint84
2173,night,bpr_2,0.6810502932944583,0.1,*viewpoint91
2174,night,bpr_2,0.9087821528708055,0.1,*viewpoint96
2175,night,bpr_2,0.7252116531930369,0.1,*viewpoint98
2176,night,bpr_3,0.9915230026295336,0.001,*viewpoint01
2177,night,bpr_3,0.8670518610241206,0.001,*viewpoint03
2178,night,bpr_3,0.7663049180362627,0.001,*viewpoint20
2179,night,bpr_3,0.9871857251298372,0.001,*viewpoint21
2180,night,bpr_3,0.9283087224935368,0.001,*viewpoint24
2181,night,bpr_3,0.8968091485699512,0.001,*viewpoint28
2182,night,bpr_3,0.8998503350098549,0.001,*viewpoint35
2183,night,bpr_3,0.9041709178269574,0.001,*viewpoint52
2184,night,bpr_3,0.8638047539632612,0.001,*viewpoint53
2185,night,bpr_3,0.9796504223866848,0.001,*viewpoint60
2186,night,bpr_3,0.9490189057510844,0.001,*viewpoint63
2187,night,bpr_3,0.9599461220845182,0.001,*viewpoint65
2188,night,bpr_3,0.9347544446790088,0.001,*viewpoint68
2189,night,bpr_3,0.7852429073420925,0.001,*viewpoint70
2190,night,bpr_3,0.982544655021342,0.001,*viewpoint75
2191,night,bpr_3,0.9850992780989338,0.001,*viewpoint76
2192,night,bpr_3,0.8254532420431814,0.001,*viewpoint78
2193,night,bpr_3,0.973329856556831,0.001,*viewpoint79
2194,night,bpr_3,0.9061708246284376,0.001,*viewpoint80
2195,night,bpr_3,0.8562855254928797,0.001,*viewpoint83
2196,night,bpr_3,0.8897743337976846,0.001,*viewpoint84
2197,night,bpr_3,0.7792024202888417,0.001,*viewpoint91
2198,night,bpr_3,0.8195812868187731,0.001,*viewpoint96
2199,night,bpr_3,0.9866716374569828,0.001,*viewpoint98
2200,night,bpr_3,0.9923855845687196,0.01,*viewpoint01
2201,night,bpr_3,0.9219485826913992,0.01,*viewpoint03
2202,night,bpr_3,0.7664280604404657,0.01,*viewpoint20
2203,night,bpr_3,0.9876269185727372,0.01,*viewpoint21
2204,night,bpr_3,0.9323519584472059,0.01,*viewpoint24
2205,night,bpr_3,0.9067202116018588,0.01,*viewpoint28
2206,night,bpr_3,0.8947193465346908,0.01,*viewpoint35
2207,night,bpr_3,0.9178890141241222,0.01,*viewpoint52
2208,night,bpr_3,0.9262855141278366,0.01,*viewpoint53
2209,night,bpr_3,0.9880744510765764,0.01,*viewpoint60
2210,night,bpr_3,0.9489801564712936,0.01,*viewpoint63
2211,night,bpr_3,0.959723012841204,0.01,*viewpoint65
2212,night,bpr_3,0.9341717024793136,0.01,*viewpoint68
2213,night,bpr_3,0.8472534821477861,0.01,*viewpoint70
2214,night,bpr_3,0.982896004877328,0.01,*viewpoint75
2215,night,bpr_3,0.9838916050481123,0.01,*viewpoint76
2216,night,bpr_3,0.8937406517035213,0.01,*viewpoint78
2217,night,bpr_3,0.9760377936609372,0.01,*viewpoint79
2218,night,bpr_3,0.904729691837644,0.01,*viewpoint80
2219,night,bpr_3,0.8540932759651947,0.01,*viewpoint83
2220,night,bpr_3,0.8871703744845946,0.01,*viewpoint84
2221,night,bpr_3,0.8091229691994876,0.01,*viewpoint91
2222,night,bpr_3,0.8275782436313656,0.01,*viewpoint96
2223,night,bpr_3,0.9865962155240192,0.01,*viewpoint98
2224,night,bpr_3,0.994399771761872,0.1,*viewpoint01
2225,night,bpr_3,0.8608395103225053,0.1,*viewpoint03
2226,night,bpr_3,0.7945678465580355,0.1,*viewpoint20
2227,night,bpr_3,0.9891559928903634,0.1,*viewpoint21
2228,night,bpr_3,0.9260471699153984,0.1,*viewpoint24
2229,night,bpr_3,0.8952431190984722,0.1,*viewpoint28
2230,night,bpr_3,0.8906988681572745,0.1,*viewpoint35
2231,night,bpr_3,0.8966942746139098,0.1,*viewpoint52
2232,night,bpr_3,0.8739191919444435,0.1,*viewpoint53
2233,night,bpr_3,0.9872089627405268,0.1,*viewpoint60
2234,night,bpr_3,0.9470146185903544,0.1,*viewpoint63
2235,night,bpr_3,0.9460233452991881,0.1,*viewpoint65
2236,night,bpr_3,0.9370977262878784,0.1,*viewpoint68
2237,night,bpr_3,0.7586991483239656,0.1,*viewpoint70
2238,night,bpr_3,0.9886227218046524,0.1,*viewpoint75
2239,night,bpr_3,0.9784268393454268,0.1,*viewpoint76
2240,night,bpr_3,0.8381235946741691,0.1,*viewpoint78
2241,night,bpr_3,0.9684509331531672,0.1,*viewpoint79
2242,night,bpr_3,0.9168702763717352,0.1,*viewpoint80
2243,night,bpr_3,0.8578132312629119,0.1,*viewpoint83
2244,night,bpr_3,0.8748497123808258,0.1,*viewpoint84
2245,night,bpr_3,0.7648701927618895,0.1,*viewpoint91
2246,night,bpr_3,0.827319584528229,0.1,*viewpoint96
2247,night,bpr_3,0.9762216819183864,0.1,*viewpoint98
2248,night,crowdbt,0.8409650264523322,0.001,*viewpoint01
2249,night,crowdbt,0.7926238571029374,0.001,*viewpoint03
2250,night,crowdbt,0.6199439687516414,0.001,*viewpoint20
2251,night,crowdbt,0.9701614393934304,0.001,*viewpoint21
2252,night,crowdbt,0.9070414718400056,0.001,*viewpoint24
2253,night,crowdbt,0.8596452977970277,0.001,*viewpoint28
2254,night,crowdbt,0.8648966102271081,0.001,*viewpoint35
2255,night,crowdbt,0.8914509562070978,0.001,*viewpoint52
2256,night,crowdbt,0.8234763056489334,0.001,*viewpoint53
2257,night,crowdbt,0.9758612849179534,0.001,*viewpoint60
2258,night,crowdbt,0.9377664364465496,0.001,*viewpoint63
2259,night,crowdbt,0.9005166265037938,0.001,*viewpoint65
2260,night,crowdbt,0.9265018847980924,0.001,*viewpoint68
2261,night,crowdbt,0.6821104139868134,0.001,*viewpoint70
2262,night,crowdbt,0.7341837368579565,0.001,*viewpoint75
2263,night,crowdbt,0.968848741714769,0.001,*viewpoint76
2264,night,crowdbt,0.7841693919196909,0.001,*viewpoint78
2265,night,crowdbt,0.9548299773756346,0.001,*viewpoint79
2266,night,crowdbt,0.8697018587191505,0.001,*viewpoint80
2267,night,crowdbt,0.8449136378881605,0.001,*viewpoint83
2268,night,crowdbt,0.8448767645673855,0.001,*viewpoint84
2269,night,crowdbt,0.6838750823875971,0.001,*viewpoint91
2270,night,crowdbt,0.797179007646773,0.001,*viewpoint96
2271,night,crowdbt,0.6550561388583556,0.001,*viewpoint98
2272,night,crowdbt,0.8409650264523322,0.01,*viewpoint01
2273,night,crowdbt,0.7933073009499082,0.01,*viewpoint03
2274,night,crowdbt,0.6199439687516414,0.01,*viewpoint20
2275,night,crowdbt,0.9694635290723864,0.01,*viewpoint21
2276,night,crowdbt,0.9066504618034008,0.01,*viewpoint24
2277,night,crowdbt,0.8596452977970277,0.01,*viewpoint28
2278,night,crowdbt,0.8659269166112606,0.01,*viewpoint35
2279,night,crowdbt,0.8935590196987463,0.01,*viewpoint52
2280,night,crowdbt,0.8231210191216066,0.01,*viewpoint53
2281,night,crowdbt,0.9740104131859821,0.01,*viewpoint60
2282,night,crowdbt,0.9377664364465496,0.01,*viewpoint63
2283,night,crowdbt,0.9001554238073753,0.01,*viewpoint65
2284,night,crowdbt,0.925748271954679,0.01,*viewpoint68
2285,night,crowdbt,0.6824589238025787,0.01,*viewpoint70
2286,night,crowdbt,0.7338566657276167,0.01,*viewpoint75
2287,night,crowdbt,0.9700527666124332,0.01,*viewpoint76
2288,night,crowdbt,0.7841693919196909,0.01,*viewpoint78
2289,night,crowdbt,0.955557768840982,0.01,*viewpoint79
2290,night,crowdbt,0.8712411202501201,0.01,*viewpoint80
2291,night,crowdbt,0.8453397476796191,0.01,*viewpoint83
2292,night,crowdbt,0.845253750591444,0.01,*viewpoint84
2293,night,crowdbt,0.6846098049978687,0.01,*viewpoint91
2294,night,crowdbt,0.7958844746610535,0.01,*viewpoint96
2295,night,crowdbt,0.65433171197244,0.01,*viewpoint98
2296,night,crowdbt,0.8385822703966563,0.1,*viewpoint01
2297,night,crowdbt,0.7880849529714663,0.1,*viewpoint03
2298,night,crowdbt,0.600708833357406,0.1,*viewpoint20
2299,night,crowdbt,0.9687722691901514,0.1,*viewpoint21
2300,night,crowdbt,0.9145558473539348,0.1,*viewpoint24
2301,night,crowdbt,0.8509292023354529,0.1,*viewpoint28
2302,night,crowdbt,0.8631890909255882,0.1,*viewpoint35
2303,night,crowdbt,0.8819828152154015,0.1,*viewpoint52
2304,night,crowdbt,0.8231965789866758,0.1,*viewpoint53
2305,night,crowdbt,0.9781668334969861,0.1,*viewpoint60
2306,night,crowdbt,0.9407221187947418,0.1,*viewpoint63
2307,night,crowdbt,0.8979918081885573,0.1,*viewpoint65
2308,night,crowdbt,0.9223403676236408,0.1,*viewpoint68
2309,night,crowdbt,0.6796908452544089,0.1,*viewpoint70
2310,night,crowdbt,0.735844374575942,0.1,*viewpoint75
2311,night,crowdbt,0.9652493398280488,0.1,*viewpoint76
2312,night,crowdbt,0.7845245649370246,0.1,*viewpoint78
2313,night,crowdbt,0.9486770908076096,0.1,*viewpoint79
2314,night,crowdbt,0.8619405883971984,0.1,*viewpoint80
2315,night,crowdbt,0.8507991660707418,0.1,*viewpoint83
2316,night,crowdbt,0.8381773429158628,0.1,*viewpoint84
2317,night,crowdbt,0.6812126916793839,0.1,*viewpoint91
2318,night,crowdbt,0.7907568218182636,0.1,*viewpoint96
2319,night,crowdbt,0.6502159710337371,0.1,*viewpoint98
2320,night,bt,0.8849784109574323,0.001,*viewpoint01
2321,night,bt,0.6622660036431423,0.001,*viewpoint03
2322,night,bt,0.6875924826242877,0.001,*viewpoint20
2323,night,bt,0.9483119645021952,0.001,*viewpoint21
2324,night,bt,0.9253847102989948,0.001,*viewpoint24
2325,night,bt,0.8640087116320849,0.001,*viewpoint28
2326,night,bt,0.8416840584548436,0.001,*viewpoint35
2327,night,bt,0.8519397725355576,0.001,*viewpoint52
2328,night,bt,0.7344752693029951,0.001,*viewpoint53
2329,night,bt,0.9555486147012948,0.001,*viewpoint60
2330,night,bt,0.9435192569817924,0.001,*viewpoint63
2331,night,bt,0.9138129179385988,0.001,*viewpoint65
2332,night,bt,0.922535033269598,0.001,*viewpoint68
2333,night,bt,0.6267446257159214,0.001,*viewpoint70
2334,night,bt,0.8042809336325025,0.001,*viewpoint75
2335,night,bt,0.9249999381397064,0.001,*viewpoint76
2336,night,bt,0.7169184134371078,0.001,*viewpoint78
2337,night,bt,0.948457848539126,0.001,*viewpoint79
2338,night,bt,0.8611436050331677,0.001,*viewpoint80
2339,night,bt,0.8104021028458002,0.001,*viewpoint83
2340,night,bt,0.8260083708654041,0.001,*viewpoint84
2341,night,bt,0.6556631148113421,0.001,*viewpoint91
2342,night,bt,0.7731539406762578,0.001,*viewpoint96
2343,night,bt,0.7330751855167927,0.001,*viewpoint98
2344,night,bt,0.8849784109574323,0.01,*viewpoint01
2345,night,bt,0.6622660036431423,0.01,*viewpoint03
2346,night,bt,0.6875924826242877,0.01,*viewpoint20
2347,night,bt,0.9483119645021952,0.01,*viewpoint21
2348,night,bt,0.9253847102989948,0.01,*viewpoint24
2349,night,bt,0.8640087116320849,0.01,*viewpoint28
2350,night,bt,0.8416840584548436,0.01,*viewpoint35
2351,night,bt,0.8519397725355576,0.01,*viewpoint52
2352,night,bt,0.7344752693029951,0.01,*viewpoint53
2353,night,bt,0.9555486147012948,0.01,*viewpoint60
2354,night,bt,0.9435192569817924,0.01,*viewpoint63
2355,night,bt,0.9138129179385988,0.01,*viewpoint65
2356,night,bt,0.922535033269598,0.01,*viewpoint68
2357,night,bt,0.6267446257159214,0.01,*viewpoint70
2358,night,bt,0.8042809336325025,0.01,*viewpoint75
2359,night,bt,0.9249999381397064,0.01,*viewpoint76
2360,night,bt,0.7169184134371078,0.01,*viewpoint78
2361,night,bt,0.948457848539126,0.01,*viewpoint79
2362,night,bt,0.8611436050331677,0.01,*viewpoint80
2363,night,bt,0.8104021028458002,0.01,*viewpoint83
2364,night,bt,0.8260083708654041,0.01,*viewpoint84
2365,night,bt,0.6556631148113421,0.01,*viewpoint91
2366,night,bt,0.7731539406762578,0.01,*viewpoint96
2367,night,bt,0.7330751855167927,0.01,*viewpoint98
2368,night,bt,0.8737266404955385,0.1,*viewpoint01
2369,night,bt,0.6873564905421187,0.1,*viewpoint03
2370,night,bt,0.6578013664673222,0.1,*viewpoint20
2371,night,bt,0.9518407214232985,0.1,*viewpoint21
2372,night,bt,0.9280611567549636,0.1,*viewpoint24
2373,night,bt,0.8586613000480728,0.1,*viewpoint28
2374,night,bt,0.8484653935725445,0.1,*viewpoint35
2375,night,bt,0.8675052771474575,0.1,*viewpoint52
2376,night,bt,0.7552227694116211,0.1,*viewpoint53
2377,night,bt,0.9635207088540454,0.1,*viewpoint60
2378,night,bt,0.9513849405929624,0.1,*viewpoint63
2379,night,bt,0.9241287856083076,0.1,*viewpoint65
2380,night,bt,0.9251325349584528,0.1,*viewpoint68
2381,night,bt,0.6394580021955014,0.1,*viewpoint70
2382,night,bt,0.7862852106360627,0.1,*viewpoint75
2383,night,bt,0.942044797959504,0.1,*viewpoint76
2384,night,bt,0.7286300923805008,0.1,*viewpoint78
2385,night,bt,0.9528429294824708,0.1,*viewpoint79
2386,night,bt,0.8643269835576798,0.1,*viewpoint80
2387,night,bt,0.8171646251694438,0.1,*viewpoint83
2388,night,bt,0.8242352740598323,0.1,*viewpoint84
2389,night,bt,0.6588243574420362,0.1,*viewpoint91
2390,night,bt,0.7720728394716045,0.1,*viewpoint96
2391,night,bt,0.7175965061397873,0.1,*viewpoint98
2392,visitor,crowdea_2,0.8907085131510261,,*viewpoint06
2393,visitor,crowdea_2,0.9374400251577714,,*viewpoint11
2394,visitor,crowdea_2,0.9298812568002672,,*viewpoint17
2395,visitor,crowdea_2,0.8842748375819381,,*viewpoint21
2396,visitor,crowdea_2,0.9675360027159206,,*viewpoint24
2397,visitor,crowdea_2,0.9587002468924608,,*viewpoint27
2398,visitor,crowdea_2,0.9555691749189033,,*viewpoint39
2399,visitor,crowdea_2,0.8950124633333073,,*viewpoint46
2400,visitor,crowdea_2,0.976191999458366,,*viewpoint57
2401,visitor,crowdea_2,0.9571645050790945,,*viewpoint58
2402,visitor,crowdea_2,0.9540807502340004,,*viewpoint59
2403,visitor,crowdea_2,0.9420929824909352,,*viewpoint60
2404,visitor,crowdea_2,0.9286324713653484,,*viewpoint74
2405,visitor,crowdea_2,0.9479454118815116,,*viewpoint78
2406,visitor,crowdea_2,0.9753625863125388,,*viewpoint79
2407,visitor,crowdea_2,0.8859472507636857,,*viewpoint80
2408,visitor,crowdea_2,0.9556647728374096,,*viewpoint91
2409,visitor,crowdea_2,0.9676023482502266,,*viewpoint97
2410,visitor,crowdea_3,0.9186302310419968,,*viewpoint06
2411,visitor,crowdea_3,0.9434227275887472,,*viewpoint11
2412,visitor,crowdea_3,0.9541967943385706,,*viewpoint17
2413,visitor,crowdea_3,0.9303651952434592,,*viewpoint21
2414,visitor,crowdea_3,0.970964893451296,,*viewpoint24
2415,visitor,crowdea_3,0.9657303392933714,,*viewpoint27
2416,visitor,crowdea_3,0.9512184204254232,,*viewpoint39
2417,visitor,crowdea_3,0.9362962694348359,,*viewpoint46
2418,visitor,crowdea_3,0.9796495371348284,,*viewpoint57
2419,visitor,crowdea_3,0.9604744760674294,,*viewpoint58
2420,visitor,crowdea_3,0.9588935025392442,,*viewpoint59
2421,visitor,crowdea_3,0.9450844074997521,,*viewpoint60
2422,visitor,crowdea_3,0.9454747909029044,,*viewpoint74
2423,visitor,crowdea_3,0.9686268463492724,,*viewpoint78
2424,visitor,crowdea_3,0.9780372748668068,,*viewpoint79
2425,visitor,crowdea_3,0.8939482109968885,,*viewpoint80
2426,visitor,crowdea_3,0.96166252283313,,*viewpoint91
2427,visitor,crowdea_3,0.9598723417598324,,*viewpoint97
2428,visitor,blade_chest_2_x,0.8973833340990237,0.001,*viewpoint06
2429,visitor,blade_chest_2_x,0.9183916154183599,0.001,*viewpoint11
2430,visitor,blade_chest_2_x,0.8877443949906879,0.001,*viewpoint17
2431,visitor,blade_chest_2_x,0.8222699484241305,0.001,*viewpoint21
2432,visitor,blade_chest_2_x,0.7298451012625917,0.001,*viewpoint24
2433,visitor,blade_chest_2_x,0.9230877930296238,0.001,*viewpoint27
2434,visitor,blade_chest_2_x,0.7668296388429271,0.001,*viewpoint39
2435,visitor,blade_chest_2_x,0.9319902765947232,0.001,*viewpoint46
2436,visitor,blade_chest_2_x,0.9268275094209616,0.001,*viewpoint57
2437,visitor,blade_chest_2_x,0.8903860461702521,0.001,*viewpoint58
2438,visitor,blade_chest_2_x,0.930753635681808,0.001,*viewpoint59
2439,visitor,blade_chest_2_x,0.9342790927375554,0.001,*viewpoint60
2440,visitor,blade_chest_2_x,0.8845551886354136,0.001,*viewpoint74
2441,visitor,blade_chest_2_x,0.9268132224626148,0.001,*viewpoint78
2442,visitor,blade_chest_2_x,0.9206681986633632,0.001,*viewpoint79
2443,visitor,blade_chest_2_x,0.8485965932464012,0.001,*viewpoint80
2444,visitor,blade_chest_2_x,0.910774845610172,0.001,*viewpoint91
2445,visitor,blade_chest_2_x,0.8418557293028194,0.001,*viewpoint97
2446,visitor,blade_chest_2_x,0.8798851696538741,0.01,*viewpoint06
2447,visitor,blade_chest_2_x,0.902223586092756,0.01,*viewpoint11
2448,visitor,blade_chest_2_x,0.8875422726816573,0.01,*viewpoint17
2449,visitor,blade_chest_2_x,0.8327297677524378,0.01,*viewpoint21
2450,visitor,blade_chest_2_x,0.6096179516636382,0.01,*viewpoint24
2451,visitor,blade_chest_2_x,0.92407987079997,0.01,*viewpoint27
2452,visitor,blade_chest_2_x,0.7644006704363374,0.01,*viewpoint39
2453,visitor,blade_chest_2_x,0.9391928575698266,0.01,*viewpoint46
2454,visitor,blade_chest_2_x,0.9082186433146008,0.01,*viewpoint57
2455,visitor,blade_chest_2_x,0.8966087490798228,0.01,*viewpoint58
2456,visitor,blade_chest_2_x,0.9171202539879147,0.01,*viewpoint59
2457,visitor,blade_chest_2_x,0.945945206362806,0.01,*viewpoint60
2458,visitor,blade_chest_2_x,0.8742142159711556,0.01,*viewpoint74
2459,visitor,blade_chest_2_x,0.9042063954815788,0.01,*viewpoint78
2460,visitor,blade_chest_2_x,0.9191176767883802,0.01,*viewpoint79
2461,visitor,blade_chest_2_x,0.8568947709054352,0.01,*viewpoint80
2462,visitor,blade_chest_2_x,0.8758125881828838,0.01,*viewpoint91
2463,visitor,blade_chest_2_x,0.8565642911756904,0.01,*viewpoint97
2464,visitor,blade_chest_2_x,0.8432960495437871,0.1,*viewpoint06
2465,visitor,blade_chest_2_x,0.906064755679389,0.1,*viewpoint11
2466,visitor,blade_chest_2_x,0.8929619062486844,0.1,*viewpoint17
2467,visitor,blade_chest_2_x,0.8107108027677582,0.1,*viewpoint21
2468,visitor,blade_chest_2_x,0.6254664168804565,0.1,*viewpoint24
2469,visitor,blade_chest_2_x,0.9001146486852756,0.1,*viewpoint27
2470,visitor,blade_chest_2_x,0.6733324829647936,0.1,*viewpoint39
2471,visitor,blade_chest_2_x,0.9332524093447552,0.1,*viewpoint46
2472,visitor,blade_chest_2_x,0.9070890963125241,0.1,*viewpoint57
2473,visitor,blade_chest_2_x,0.8705562061733126,0.1,*viewpoint58
2474,visitor,blade_chest_2_x,0.906866150809391,0.1,*viewpoint59
2475,visitor,blade_chest_2_x,0.8968942209044158,0.1,*viewpoint60
2476,visitor,blade_chest_2_x,0.8721429162768212,0.1,*viewpoint74
2477,visitor,blade_chest_2_x,0.9030887054361316,0.1,*viewpoint78
2478,visitor,blade_chest_2_x,0.9030796434460774,0.1,*viewpoint79
2479,visitor,blade_chest_2_x,0.8512643243270108,0.1,*viewpoint80
2480,visitor,blade_chest_2_x,0.8185752104550263,0.1,*viewpoint91
2481,visitor,blade_chest_2_x,0.8141749004670059,0.1,*viewpoint97
2482,visitor,blade_chest_3_x,0.8921621897480841,0.001,*viewpoint06
2483,visitor,blade_chest_3_x,0.912141819263179,0.001,*viewpoint11
2484,visitor,blade_chest_3_x,0.8923932706334379,0.001,*viewpoint17
2485,visitor,blade_chest_3_x,0.8708624177099981,0.001,*viewpoint21
2486,visitor,blade_chest_3_x,0.8266706560963349,0.001,*viewpoint24
2487,visitor,blade_chest_3_x,0.9444104763458244,0.001,*viewpoint27
2488,visitor,blade_chest_3_x,0.6175819450258199,0.001,*viewpoint39
2489,visitor,blade_chest_3_x,0.8756410385397865,0.001,*viewpoint46
2490,visitor,blade_chest_3_x,0.9342440566375042,0.001,*viewpoint57
2491,visitor,blade_chest_3_x,0.8988937483173886,0.001,*viewpoint58
2492,visitor,blade_chest_3_x,0.9401420479125622,0.001,*viewpoint59
2493,visitor,blade_chest_3_x,0.8906906637777359,0.001,*viewpoint60
2494,visitor,blade_chest_3_x,0.9315860844177759,0.001,*viewpoint74
2495,visitor,blade_chest_3_x,0.9571417880371396,0.001,*viewpoint78
2496,visitor,blade_chest_3_x,0.914181802144686,0.001,*viewpoint79
2497,visitor,blade_chest_3_x,0.8822325847929346,0.001,*viewpoint80
2498,visitor,blade_chest_3_x,0.7755416957121705,0.001,*viewpoint91
2499,visitor,blade_chest_3_x,0.7927456679869228,0.001,*viewpoint97
2500,visitor,blade_chest_3_x,0.8699508099148969,0.01,*viewpoint06
2501,visitor,blade_chest_3_x,0.9023132526018433,0.01,*viewpoint11
2502,visitor,blade_chest_3_x,0.8769129018569046,0.01,*viewpoint17
2503,visitor,blade_chest_3_x,0.8723104553481166,0.01,*viewpoint21
2504,visitor,blade_chest_3_x,0.7935386561010468,0.01,*viewpoint24
2505,visitor,blade_chest_3_x,0.9424533609824868,0.01,*viewpoint27
2506,visitor,blade_chest_3_x,0.7515717835137344,0.01,*viewpoint39
2507,visitor,blade_chest_3_x,0.8731190944222669,0.01,*viewpoint46
2508,visitor,blade_chest_3_x,0.9501441986207126,0.01,*viewpoint57
2509,visitor,blade_chest_3_x,0.9025956808185684,0.01,*viewpoint58
2510,visitor,blade_chest_3_x,0.9441666336481972,0.01,*viewpoint59
2511,visitor,blade_chest_3_x,0.9016681375414606,0.01,*viewpoint60
2512,visitor,blade_chest_3_x,0.930272271531886,0.01,*viewpoint74
2513,visitor,blade_chest_3_x,0.9489897311896752,0.01,*viewpoint78
2514,visitor,blade_chest_3_x,0.9292400390477524,0.01,*viewpoint79
2515,visitor,blade_chest_3_x,0.8674609226682453,0.01,*viewpoint80
2516,visitor,blade_chest_3_x,0.825698710998614,0.01,*viewpoint91
2517,visitor,blade_chest_3_x,0.8517219884541709,0.01,*viewpoint97
2518,visitor,blade_chest_3_x,0.9254123577713732,0.1,*viewpoint06
2519,visitor,blade_chest_3_x,0.9257454049368526,0.1,*viewpoint11
2520,visitor,blade_chest_3_x,0.8877125911862603,0.1,*viewpoint17
2521,visitor,blade_chest_3_x,0.8751414185579292,0.1,*viewpoint21
2522,visitor,blade_chest_3_x,0.7595588939780753,0.1,*viewpoint24
2523,visitor,blade_chest_3_x,0.9241283162546464,0.1,*viewpoint27
2524,visitor,blade_chest_3_x,0.7547902241400745,0.1,*viewpoint39
2525,visitor,blade_chest_3_x,0.8812390467431369,0.1,*viewpoint46
2526,visitor,blade_chest_3_x,0.9487680172740501,0.1,*viewpoint57
2527,visitor,blade_chest_3_x,0.8970685158487608,0.1,*viewpoint58
2528,visitor,blade_chest_3_x,0.9404075740279912,0.1,*viewpoint59
2529,visitor,blade_chest_3_x,0.8789288074156003,0.1,*viewpoint60
2530,visitor,blade_chest_3_x,0.923619182267168,0.1,*viewpoint74
2531,visitor,blade_chest_3_x,0.9330052141876378,0.1,*viewpoint78
2532,visitor,blade_chest_3_x,0.9292867377315978,0.1,*viewpoint79
2533,visitor,blade_chest_3_x,0.8699832199831309,0.1,*viewpoint80
2534,visitor,blade_chest_3_x,0.8274582264397862,0.1,*viewpoint91
2535,visitor,blade_chest_3_x,0.8658262217859066,0.1,*viewpoint97
2536,visitor,blade_chest_2_y,0.8420591562003191,0.001,*viewpoint06
2537,visitor,blade_chest_2_y,0.8757075073936319,0.001,*viewpoint11
2538,visitor,blade_chest_2_y,0.8977602209889418,0.001,*viewpoint17
2539,visitor,blade_chest_2_y,0.8260549782435402,0.001,*viewpoint21
2540,visitor,blade_chest_2_y,0.609749033545393,0.001,*viewpoint24
2541,visitor,blade_chest_2_y,0.8885867076836068,0.001,*viewpoint27
2542,visitor,blade_chest_2_y,0.5899308449283712,0.001,*viewpoint39
2543,visitor,blade_chest_2_y,0.9138873523192994,0.001,*viewpoint46
2544,visitor,blade_chest_2_y,0.9036345254011954,0.001,*viewpoint57
2545,visitor,blade_chest_2_y,0.8611073786339474,0.001,*viewpoint58
2546,visitor,blade_chest_2_y,0.9256425265637224,0.001,*viewpoint59
2547,visitor,blade_chest_2_y,0.8767590942736472,0.001,*viewpoint60
2548,visitor,blade_chest_2_y,0.8776271551415842,0.001,*viewpoint74
2549,visitor,blade_chest_2_y,0.8744164048153016,0.001,*viewpoint78
2550,visitor,blade_chest_2_y,0.8950134985087668,0.001,*viewpoint79
2551,visitor,blade_chest_2_y,0.8293431964956607,0.001,*viewpoint80
2552,visitor,blade_chest_2_y,0.7635062702108352,0.001,*viewpoint91
2553,visitor,blade_chest_2_y,0.7615067074697841,0.001,*viewpoint97
2554,visitor,blade_chest_2_y,0.8556361921135959,0.01,*viewpoint06
2555,visitor,blade_chest_2_y,0.9010182345707112,0.01,*viewpoint11
2556,visitor,blade_chest_2_y,0.8758227660425952,0.01,*viewpoint17
2557,visitor,blade_chest_2_y,0.8290113575583218,0.01,*viewpoint21
2558,visitor,blade_chest_2_y,0.5668140020171293,0.01,*viewpoint24
2559,visitor,blade_chest_2_y,0.903361143889046,0.01,*viewpoint27
2560,visitor,blade_chest_2_y,0.6630430606211781,0.01,*viewpoint39
2561,visitor,blade_chest_2_y,0.9272612167420686,0.01,*viewpoint46
2562,visitor,blade_chest_2_y,0.9169437869600569,0.01,*viewpoint57
2563,visitor,blade_chest_2_y,0.870894699858101,0.01,*viewpoint58
2564,visitor,blade_chest_2_y,0.9028806048871952,0.01,*viewpoint59
2565,visitor,blade_chest_2_y,0.8937386029598209,0.01,*viewpoint60
2566,visitor,blade_chest_2_y,0.8737386413147322,0.01,*viewpoint74
2567,visitor,blade_chest_2_y,0.8814564490369231,0.01,*viewpoint78
2568,visitor,blade_chest_2_y,0.901237355638374,0.01,*viewpoint79
2569,visitor,blade_chest_2_y,0.8499160750083895,0.01,*viewpoint80
2570,visitor,blade_chest_2_y,0.8214342849097928,0.01,*viewpoint91
2571,visitor,blade_chest_2_y,0.80466710281801,0.01,*viewpoint97
2572,visitor,blade_chest_2_y,0.8347597169152047,0.1,*viewpoint06
2573,visitor,blade_chest_2_y,0.9007543961598636,0.1,*viewpoint11
2574,visitor,blade_chest_2_y,0.8848999387758593,0.1,*viewpoint17
2575,visitor,blade_chest_2_y,0.8150719908298318,0.1,*viewpoint21
2576,visitor,blade_chest_2_y,0.6317939112863886,0.1,*viewpoint24
2577,visitor,blade_chest_2_y,0.8980590801983503,0.1,*viewpoint27
2578,visitor,blade_chest_2_y,0.6266991440169117,0.1,*viewpoint39
2579,visitor,blade_chest_2_y,0.9238163861152744,0.1,*viewpoint46
2580,visitor,blade_chest_2_y,0.9018370959988528,0.1,*viewpoint57
2581,visitor,blade_chest_2_y,0.8683916310773375,0.1,*viewpoint58
2582,visitor,blade_chest_2_y,0.9130135740686116,0.1,*viewpoint59
2583,visitor,blade_chest_2_y,0.8884621505098578,0.1,*viewpoint60
2584,visitor,blade_chest_2_y,0.8693502143190058,0.1,*viewpoint74
2585,visitor,blade_chest_2_y,0.8992375692122967,0.1,*viewpoint78
2586,visitor,blade_chest_2_y,0.8949245325033983,0.1,*viewpoint79
2587,visitor,blade_chest_2_y,0.8497694691293528,0.1,*viewpoint80
2588,visitor,blade_chest_2_y,0.7971985823952248,0.1,*viewpoint91
2589,visitor,blade_chest_2_y,0.8072559087928883,0.1,*viewpoint97
2590,visitor,blade_chest_3_y,0.8407874130428409,0.001,*viewpoint06
2591,visitor,blade_chest_3_y,0.8824046605108095,0.001,*viewpoint11
2592,visitor,blade_chest_3_y,0.8616384488555041,0.001,*viewpoint17
2593,visitor,blade_chest_3_y,0.8578078819825266,0.001,*viewpoint21
2594,visitor,blade_chest_3_y,0.5439959255403263,0.001,*viewpoint24
2595,visitor,blade_chest_3_y,0.9033086160471356,0.001,*viewpoint27
2596,visitor,blade_chest_3_y,0.7693163313060786,0.001,*viewpoint39
2597,visitor,blade_chest_3_y,0.9091585921643258,0.001,*viewpoint46
2598,visitor,blade_chest_3_y,0.9269047821204768,0.001,*viewpoint57
2599,visitor,blade_chest_3_y,0.8866050005691315,0.001,*viewpoint58
2600,visitor,blade_chest_3_y,0.9004481607684566,0.001,*viewpoint59
2601,visitor,blade_chest_3_y,0.8704614468681269,0.001,*viewpoint60
2602,visitor,blade_chest_3_y,0.9202134387077928,0.001,*viewpoint74
2603,visitor,blade_chest_3_y,0.8825299871711652,0.001,*viewpoint78
2604,visitor,blade_chest_3_y,0.9027676609758152,0.001,*viewpoint79
2605,visitor,blade_chest_3_y,0.815183227305629,0.001,*viewpoint80
2606,visitor,blade_chest_3_y,0.8434103030994987,0.001,*viewpoint91
2607,visitor,blade_chest_3_y,0.8503779067511652,0.001,*viewpoint97
2608,visitor,blade_chest_3_y,0.8621059567515039,0.01,*viewpoint06
2609,visitor,blade_chest_3_y,0.8769070785975593,0.01,*viewpoint11
2610,visitor,blade_chest_3_y,0.8697898936780173,0.01,*viewpoint17
2611,visitor,blade_chest_3_y,0.863743024719846,0.01,*viewpoint21
2612,visitor,blade_chest_3_y,0.6186764101788574,0.01,*viewpoint24
2613,visitor,blade_chest_3_y,0.9159750798448792,0.01,*viewpoint27
2614,visitor,blade_chest_3_y,0.7841110713608878,0.01,*viewpoint39
2615,visitor,blade_chest_3_y,0.9046336605943114,0.01,*viewpoint46
2616,visitor,blade_chest_3_y,0.9467794691172379,0.01,*viewpoint57
2617,visitor,blade_chest_3_y,0.9046454406224794,0.01,*viewpoint58
2618,visitor,blade_chest_3_y,0.9358821413578312,0.01,*viewpoint59
2619,visitor,blade_chest_3_y,0.8830749972420193,0.01,*viewpoint60
2620,visitor,blade_chest_3_y,0.9206621571346753,0.01,*viewpoint74
2621,visitor,blade_chest_3_y,0.8954307410626655,0.01,*viewpoint78
2622,visitor,blade_chest_3_y,0.9250142443472028,0.01,*viewpoint79
2623,visitor,blade_chest_3_y,0.8317551143599333,0.01,*viewpoint80
2624,visitor,blade_chest_3_y,0.8490676695307036,0.01,*viewpoint91
2625,visitor,blade_chest_3_y,0.8745769728017667,0.01,*viewpoint97
2626,visitor,blade_chest_3_y,0.9196386619247868,0.1,*viewpoint06
2627,visitor,blade_chest_3_y,0.9169650877737632,0.1,*viewpoint11
2628,visitor,blade_chest_3_y,0.8849483858695093,0.1,*viewpoint17
2629,visitor,blade_chest_3_y,0.8766666871225799,0.1,*viewpoint21
2630,visitor,blade_chest_3_y,0.7099105263537376,0.1,*viewpoint24
2631,visitor,blade_chest_3_y,0.920723188867593,0.1,*viewpoint27
2632,visitor,blade_chest_3_y,0.757908873393472,0.1,*viewpoint39
2633,visitor,blade_chest_3_y,0.8932477433998596,0.1,*viewpoint46
2634,visitor,blade_chest_3_y,0.9475528682906916,0.1,*viewpoint57
2635,visitor,blade_chest_3_y,0.8948520532430743,0.1,*viewpoint58
2636,visitor,blade_chest_3_y,0.9368615450601558,0.1,*viewpoint59
2637,visitor,blade_chest_3_y,0.8830012836658315,0.1,*viewpoint60
2638,visitor,blade_chest_3_y,0.9193083402440968,0.1,*viewpoint74
2639,visitor,blade_chest_3_y,0.9231119703356684,0.1,*viewpoint78
2640,visitor,blade_chest_3_y,0.9283246294843556,0.1,*viewpoint79
2641,visitor,blade_chest_3_y,0.8621811529064347,0.1,*viewpoint80
2642,visitor,blade_chest_3_y,0.8307498238275792,0.1,*viewpoint91
2643,visitor,blade_chest_3_y,0.8672124021635272,0.1,*viewpoint97
2644,visitor,bpr_2,0.8491208912628694,0.001,*viewpoint06
2645,visitor,bpr_2,0.9148801664597168,0.001,*viewpoint11
2646,visitor,bpr_2,0.7525102820770537,0.001,*viewpoint17
2647,visitor,bpr_2,0.8659907197852788,0.001,*viewpoint21
2648,visitor,bpr_2,0.4676864649841167,0.001,*viewpoint24
2649,visitor,bpr_2,0.95544340769783,0.001,*viewpoint27
2650,visitor,bpr_2,0.9685392325755452,0.001,*viewpoint39
2651,visitor,bpr_2,0.8841100467352396,0.001,*viewpoint46
2652,visitor,bpr_2,0.9705525838898228,0.001,*viewpoint57
2653,visitor,bpr_2,0.9491268359599592,0.001,*viewpoint58
2654,visitor,bpr_2,0.9442087019974444,0.001,*viewpoint59
2655,visitor,bpr_2,0.9486600380178668,0.001,*viewpoint60
2656,visitor,bpr_2,0.9230042968239092,0.001,*viewpoint74
2657,visitor,bpr_2,0.8396026747304097,0.001,*viewpoint78
2658,visitor,bpr_2,0.9723895357448238,0.001,*viewpoint79
2659,visitor,bpr_2,0.8470622794828991,0.001,*viewpoint80
2660,visitor,bpr_2,0.957732857084244,0.001,*viewpoint91
2661,visitor,bpr_2,0.957580439936939,0.001,*viewpoint97
2662,visitor,bpr_2,0.8498105306565992,0.01,*viewpoint06
2663,visitor,bpr_2,0.9141864655709312,0.01,*viewpoint11
2664,visitor,bpr_2,0.7600183781501401,0.01,*viewpoint17
2665,visitor,bpr_2,0.9130353800600908,0.01,*viewpoint21
2666,visitor,bpr_2,0.4659117364032818,0.01,*viewpoint24
2667,visitor,bpr_2,0.9557257184244402,0.01,*viewpoint27
2668,visitor,bpr_2,0.9666597211050588,0.01,*viewpoint39
2669,visitor,bpr_2,0.8842679332474509,0.01,*viewpoint46
2670,visitor,bpr_2,0.9735646276866092,0.01,*viewpoint57
2671,visitor,bpr_2,0.9479985610635224,0.01,*viewpoint58
2672,visitor,bpr_2,0.9552333341617992,0.01,*viewpoint59
2673,visitor,bpr_2,0.9490131946798918,0.01,*viewpoint60
2674,visitor,bpr_2,0.9207668530670284,0.01,*viewpoint74
2675,visitor,bpr_2,0.8401696564255772,0.01,*viewpoint78
2676,visitor,bpr_2,0.9707232474688292,0.01,*viewpoint79
2677,visitor,bpr_2,0.8742788993967255,0.01,*viewpoint80
2678,visitor,bpr_2,0.9606473220631041,0.01,*viewpoint91
2679,visitor,bpr_2,0.9557678498168938,0.01,*viewpoint97
2680,visitor,bpr_2,0.8780820629489057,0.1,*viewpoint06
2681,visitor,bpr_2,0.8949214225929899,0.1,*viewpoint11
2682,visitor,bpr_2,0.9291622456380366,0.1,*viewpoint17
2683,visitor,bpr_2,0.8204562096348063,0.1,*viewpoint21
2684,visitor,bpr_2,0.9662036565421585,0.1,*viewpoint24
2685,visitor,bpr_2,0.8900304799012849,0.1,*viewpoint27
2686,visitor,bpr_2,0.4430767834980473,0.1,*viewpoint39
2687,visitor,bpr_2,0.8296524125228503,0.1,*viewpoint46
2688,visitor,bpr_2,0.8922797132904379,0.1,*viewpoint57
2689,visitor,bpr_2,0.8268122252482787,0.1,*viewpoint58
2690,visitor,bpr_2,0.9343343580207836,0.1,*viewpoint59
2691,visitor,bpr_2,0.7899423464070772,0.1,*viewpoint60
2692,visitor,bpr_2,0.879561906101588,0.1,*viewpoint74
2693,visitor,bpr_2,0.9506691871896704,0.1,*viewpoint78
2694,visitor,bpr_2,0.8520569088186221,0.1,*viewpoint79
2695,visitor,bpr_2,0.8402418911770531,0.1,*viewpoint80
2696,visitor,bpr_2,0.6872255463280795,0.1,*viewpoint91
2697,visitor,bpr_2,0.6541011219366879,0.1,*viewpoint97
2698,visitor,bpr_3,0.7024775657545601,0.001,*viewpoint06
2699,visitor,bpr_3,0.7084886923298593,0.001,*viewpoint11
2700,visitor,bpr_3,0.7689204225987004,0.001,*viewpoint17
2701,visitor,bpr_3,0.7541699594915601,0.001,*viewpoint21
2702,visitor,bpr_3,0.4982605764375317,0.001,*viewpoint24
2703,visitor,bpr_3,0.8774930008401252,0.001,*viewpoint27
2704,visitor,bpr_3,0.6218803120194465,0.001,*viewpoint39
2705,visitor,bpr_3,0.801451576290474,0.001,*viewpoint46
2706,visitor,bpr_3,0.7778692147296487,0.001,*viewpoint57
2707,visitor,bpr_3,0.774065873309061,0.001,*viewpoint58
2708,visitor,bpr_3,0.8409875238284967,0.001,*viewpoint59
2709,visitor,bpr_3,0.8616804879841072,0.001,*viewpoint60
2710,visitor,bpr_3,0.8748237778827501,0.001,*viewpoint74
2711,visitor,bpr_3,0.8278195939802627,0.001,*viewpoint78
2712,visitor,bpr_3,0.8421690723263832,0.001,*viewpoint79
2713,visitor,bpr_3,0.7913409991847566,0.001,*viewpoint80
2714,visitor,bpr_3,0.7589065319055821,0.001,*viewpoint91
2715,visitor,bpr_3,0.7250045205744119,0.001,*viewpoint97
2716,visitor,bpr_3,0.8376151667066981,0.01,*viewpoint06
2717,visitor,bpr_3,0.9182647348052092,0.01,*viewpoint11
2718,visitor,bpr_3,0.8015234133231962,0.01,*viewpoint17
2719,visitor,bpr_3,0.8926611875823615,0.01,*viewpoint21
2720,visitor,bpr_3,0.4854032828476475,0.01,*viewpoint24
2721,visitor,bpr_3,0.9601606167359484,0.01,*viewpoint27
2722,visitor,bpr_3,0.9528207885689012,0.01,*viewpoint39
2723,visitor,bpr_3,0.8926420539419646,0.01,*viewpoint46
2724,visitor,bpr_3,0.9634345109062358,0.01,*viewpoint57
2725,visitor,bpr_3,0.9444503619864156,0.01,*viewpoint58
2726,visitor,bpr_3,0.9625546472025206,0.01,*viewpoint59
2727,visitor,bpr_3,0.9196162532652804,0.01,*viewpoint60
2728,visitor,bpr_3,0.9282342745188829,0.01,*viewpoint74
2729,visitor,bpr_3,0.8450674210859319,0.01,*viewpoint78
2730,visitor,bpr_3,0.9745796071940368,0.01,*viewpoint79
2731,visitor,bpr_3,0.8995897118213001,0.01,*viewpoint80
2732,visitor,bpr_3,0.9524212484209692,0.01,*viewpoint91
2733,visitor,bpr_3,0.9542126279250996,0.01,*viewpoint97
2734,visitor,bpr_3,0.9169554221474268,0.1,*viewpoint06
2735,visitor,bpr_3,0.9539878636043488,0.1,*viewpoint11
2736,visitor,bpr_3,0.934333124482891,0.1,*viewpoint17
2737,visitor,bpr_3,0.8561089287902006,0.1,*viewpoint21
2738,visitor,bpr_3,0.9703725315247476,0.1,*viewpoint24
2739,visitor,bpr_3,0.9555951668636712,0.1,*viewpoint27
2740,visitor,bpr_3,0.9549488668538388,0.1,*viewpoint39
2741,visitor,bpr_3,0.8823081070907269,0.1,*viewpoint46
2742,visitor,bpr_3,0.9849944110836468,0.1,*viewpoint57
2743,visitor,bpr_3,0.9463357968045738,0.1,*viewpoint58
2744,visitor,bpr_3,0.9578199054107848,0.1,*viewpoint59
2745,visitor,bpr_3,0.9458842565945341,0.1,*viewpoint60
2746,visitor,bpr_3,0.9313432276481955,0.1,*viewpoint74
2747,visitor,bpr_3,0.9587058709628252,0.1,*viewpoint78
2748,visitor,bpr_3,0.9658547649261064,0.1,*viewpoint79
2749,visitor,bpr_3,0.8684434177505824,0.1,*viewpoint80
2750,visitor,bpr_3,0.9557012368446216,0.1,*viewpoint91
2751,visitor,bpr_3,0.9544910040783632,0.1,*viewpoint97
2752,visitor,crowdbt,0.8809866741110965,0.001,*viewpoint06
2753,visitor,crowdbt,0.8994622622604738,0.001,*viewpoint11
2754,visitor,crowdbt,0.9322180144574688,0.001,*viewpoint17
2755,visitor,crowdbt,0.8357422479193355,0.001,*viewpoint21
2756,visitor,crowdbt,0.9479374261358756,0.001,*viewpoint24
2757,visitor,crowdbt,0.8844593421050331,0.001,*viewpoint27
2758,visitor,crowdbt,0.3938517558992821,0.001,*viewpoint39
2759,visitor,crowdbt,0.8193657596872009,0.001,*viewpoint46
2760,visitor,crowdbt,0.8978100351526884,0.001,*viewpoint57
2761,visitor,crowdbt,0.8247425486886797,0.001,*viewpoint58
2762,visitor,crowdbt,0.949742007103948,0.001,*viewpoint59
2763,visitor,crowdbt,0.7971794579208066,0.001,*viewpoint60
2764,visitor,crowdbt,0.8866747903006473,0.001,*viewpoint74
2765,visitor,crowdbt,0.952649181417343,0.001,*viewpoint78
2766,visitor,crowdbt,0.8344110412589328,0.001,*viewpoint79
2767,visitor,crowdbt,0.8399332799766934,0.001,*viewpoint80
2768,visitor,crowdbt,0.6814948847317632,0.001,*viewpoint91
2769,visitor,crowdbt,0.6645879298846994,0.001,*viewpoint97
2770,visitor,crowdbt,0.8792303616264939,0.01,*viewpoint06
2771,visitor,crowdbt,0.8987781675607812,0.01,*viewpoint11
2772,visitor,crowdbt,0.9305578612058764,0.01,*viewpoint17
2773,visitor,crowdbt,0.8372006585865951,0.01,*viewpoint21
2774,visitor,crowdbt,0.9481192548242228,0.01,*viewpoint24
2775,visitor,crowdbt,0.884728389720795,0.01,*viewpoint27
2776,visitor,crowdbt,0.3935770988778113,0.01,*viewpoint39
2777,visitor,crowdbt,0.8188291841490123,0.01,*viewpoint46
2778,visitor,crowdbt,0.8975252185638757,0.01,*viewpoint57
2779,visitor,crowdbt,0.8246202860684864,0.01,*viewpoint58
2780,visitor,crowdbt,0.9502393914126982,0.01,*viewpoint59
2781,visitor,crowdbt,0.7971845361330888,0.01,*viewpoint60
2782,visitor,crowdbt,0.8867282181486172,0.01,*viewpoint74
2783,visitor,crowdbt,0.9524535005473036,0.01,*viewpoint78
2784,visitor,crowdbt,0.8346125985419458,0.01,*viewpoint79
2785,visitor,crowdbt,0.8412469396104052,0.01,*viewpoint80
2786,visitor,crowdbt,0.6824394257452818,0.01,*viewpoint91
2787,visitor,crowdbt,0.6643365310300036,0.01,*viewpoint97
2788,visitor,crowdbt,0.8907084969619922,0.1,*viewpoint06
2789,visitor,crowdbt,0.925328235999037,0.1,*viewpoint11
2790,visitor,crowdbt,0.8934870407723391,0.1,*viewpoint17
2791,visitor,crowdbt,0.8084509015635846,0.1,*viewpoint21
2792,visitor,crowdbt,0.9756762579108278,0.1,*viewpoint24
2793,visitor,crowdbt,0.8880237650855807,0.1,*viewpoint27
2794,visitor,crowdbt,0.4002711263502824,0.1,*viewpoint39
2795,visitor,crowdbt,0.8215385049018673,0.1,*viewpoint46
2796,visitor,crowdbt,0.8931045346038072,0.1,*viewpoint57
2797,visitor,crowdbt,0.853153963134943,0.1,*viewpoint58
2798,visitor,crowdbt,0.9529359498267604,0.1,*viewpoint59
2799,visitor,crowdbt,0.7910368305901265,0.1,*viewpoint60
2800,visitor,crowdbt,0.8727072486082907,0.1,*viewpoint74
2801,visitor,crowdbt,0.9463895297480356,0.1,*viewpoint78
2802,visitor,crowdbt,0.8195463125271851,0.1,*viewpoint79
2803,visitor,crowdbt,0.8603666114186519,0.1,*viewpoint80
2804,visitor,crowdbt,0.6930798732374923,0.1,*viewpoint91
2805,visitor,crowdbt,0.6761286661047977,0.1,*viewpoint97
2806,visitor,bt,0.8738415220228483,0.001,*viewpoint06
2807,visitor,bt,0.9169598880257592,0.001,*viewpoint11
2808,visitor,bt,0.9296269992012136,0.001,*viewpoint17
2809,visitor,bt,0.8400529498835321,0.001,*viewpoint21
2810,visitor,bt,0.8629500782012145,0.001,*viewpoint24
2811,visitor,bt,0.8804955169918832,0.001,*viewpoint27
2812,visitor,bt,0.4448908401550309,0.001,*viewpoint39
2813,visitor,bt,0.8355769424318988,0.001,*viewpoint46
2814,visitor,bt,0.9001150931743072,0.001,*viewpoint57
2815,visitor,bt,0.8229149029219665,0.001,*viewpoint58
2816,visitor,bt,0.9231790565368232,0.001,*viewpoint59
2817,visitor,bt,0.8044953966732403,0.001,*viewpoint60
2818,visitor,bt,0.8809533815707138,0.001,*viewpoint74
2819,visitor,bt,0.9207604841183566,0.001,*viewpoint78
2820,visitor,bt,0.8525905044775265,0.001,*viewpoint79
2821,visitor,bt,0.8301749999254576,0.001,*viewpoint80
2822,visitor,bt,0.7177017151449988,0.001,*viewpoint91
2823,visitor,bt,0.6922733041608609,0.001,*viewpoint97
2824,visitor,bt,0.8738415220228483,0.01,*viewpoint06
2825,visitor,bt,0.9169598880257592,0.01,*viewpoint11
2826,visitor,bt,0.9296269992012136,0.01,*viewpoint17
2827,visitor,bt,0.8400529498835321,0.01,*viewpoint21
2828,visitor,bt,0.8629500782012145,0.01,*viewpoint24
2829,visitor,bt,0.8804955169918832,0.01,*viewpoint27
2830,visitor,bt,0.4448908401550309,0.01,*viewpoint39
2831,visitor,bt,0.8355769424318988,0.01,*viewpoint46
2832,visitor,bt,0.9001150931743072,0.01,*viewpoint57
2833,visitor,bt,0.8229149029219665,0.01,*viewpoint58
2834,visitor,bt,0.9231790565368232,0.01,*viewpoint59
2835,visitor,bt,0.8044953966732403,0.01,*viewpoint60
2836,visitor,bt,0.8809533815707138,0.01,*viewpoint74
2837,visitor,bt,0.9207604841183566,0.01,*viewpoint78
2838,visitor,bt,0.8525905044775265,0.01,*viewpoint79
2839,visitor,bt,0.8301749999254576,0.01,*viewpoint80
2840,visitor,bt,0.7177017151449988,0.01,*viewpoint91
2841,visitor,bt,0.6922733041608609,0.01,*viewpoint97
2842,visitor,bt,0.8806703644542021,0.1,*viewpoint06
2843,visitor,bt,0.9166996077081228,0.1,*viewpoint11
2844,visitor,bt,0.9174729165067904,0.1,*viewpoint17
2845,visitor,bt,0.8351931008123374,0.1,*viewpoint21
2846,visitor,bt,0.8922862157813346,0.1,*viewpoint24
2847,visitor,bt,0.8819010095291464,0.1,*viewpoint27
2848,visitor,bt,0.43363130120912496,0.1,*viewpoint39
2849,visitor,bt,0.8232550981056382,0.1,*viewpoint46
2850,visitor,bt,0.9029976206207848,0.1,*viewpoint57
2851,visitor,bt,0.8328983173570178,0.1,*viewpoint58
2852,visitor,bt,0.9366478447910924,0.1,*viewpoint59
2853,visitor,bt,0.8027744408074338,0.1,*viewpoint60
2854,visitor,bt,0.8805990192779449,0.1,*viewpoint74
2855,visitor,bt,0.9292426096199062,0.1,*viewpoint78
2856,visitor,bt,0.839180536738635,0.1,*viewpoint79
2857,visitor,bt,0.8435504916501855,0.1,*viewpoint80
2858,visitor,bt,0.7140036165780655,0.1,*viewpoint91
2859,visitor,bt,0.6839193312565776,0.1,*viewpoint97
2860,ai_character,crowdea_2,0.9290803216823992,,*viewpoint03
2861,ai_character,crowdea_2,0.908070214389012,,*viewpoint09
2862,ai_character,crowdea_2,0.9054518077250476,,*viewpoint11
2863,ai_character,crowdea_2,0.9588431123651406,,*viewpoint15
2864,ai_character,crowdea_2,0.9156253161884308,,*viewpoint16
2865,ai_character,crowdea_2,0.8652479948096372,,*viewpoint19
2866,ai_character,crowdea_2,0.9094180921173408,,*viewpoint31
2867,ai_character,crowdea_2,0.9308715694476865,,*viewpoint32
2868,ai_character,crowdea_2,0.975331625802308,,*viewpoint33
2869,ai_character,crowdea_2,0.9593804145847844,,*viewpoint37
2870,ai_character,crowdea_2,0.9409438460689694,,*viewpoint41
2871,ai_character,crowdea_2,0.9441958680450524,,*viewpoint50
2872,ai_character,crowdea_2,0.90586565859804,,*viewpoint62
2873,ai_character,crowdea_2,0.9610652078025672,,*viewpoint71
2874,ai_character,crowdea_2,0.9273675357107556,,*viewpoint76
2875,ai_character,crowdea_2,0.947754022253542,,*viewpoint78
2876,ai_character,crowdea_2,0.9362101123898122,,*viewpoint79
2877,ai_character,crowdea_2,0.9295977662287752,,*viewpoint94
2878,ai_character,crowdea_2,0.9052637374240636,,*viewpoint95
2879,ai_character,crowdea_2,0.9344734955576388,,*viewpoint97
2880,ai_character,crowdea_2,0.9395762284966859,,*viewpoint99
2881,ai_character,crowdea_3,0.948214220799479,,*viewpoint03
2882,ai_character,crowdea_3,0.9122143683135918,,*viewpoint09
2883,ai_character,crowdea_3,0.9155070575794828,,*viewpoint11
2884,ai_character,crowdea_3,0.979501488335478,,*viewpoint15
2885,ai_character,crowdea_3,0.9176996255598916,,*viewpoint16
2886,ai_character,crowdea_3,0.911713891333992,,*viewpoint19
2887,ai_character,crowdea_3,0.9141524347758913,,*viewpoint31
2888,ai_character,crowdea_3,0.9206304005816563,,*viewpoint32
2889,ai_character,crowdea_3,0.9740332361460032,,*viewpoint33
2890,ai_character,crowdea_3,0.9678176504747724,,*viewpoint37
2891,ai_character,crowdea_3,0.9570297859333164,,*viewpoint41
2892,ai_character,crowdea_3,0.9442475033809828,,*viewpoint50
2893,ai_character,crowdea_3,0.9434149958952404,,*viewpoint62
2894,ai_character,crowdea_3,0.9757993127579604,,*viewpoint71
2895,ai_character,crowdea_3,0.9478356873201694,,*viewpoint76
2896,ai_character,crowdea_3,0.9631589217185292,,*viewpoint78
2897,ai_character,crowdea_3,0.9479389903292856,,*viewpoint79
2898,ai_character,crowdea_3,0.9610428480841162,,*viewpoint94
2899,ai_character,crowdea_3,0.940241787635434,,*viewpoint95
2900,ai_character,crowdea_3,0.9455420940880626,,*viewpoint97
2901,ai_character,crowdea_3,0.9345596482445134,,*viewpoint99
2902,ai_character,blade_chest_2_x,0.938944649334272,0.001,*viewpoint03
2903,ai_character,blade_chest_2_x,0.8435141639687049,0.001,*viewpoint09
2904,ai_character,blade_chest_2_x,0.8745268475561153,0.001,*viewpoint11
2905,ai_character,blade_chest_2_x,0.9644442556417688,0.001,*viewpoint15
2906,ai_character,blade_chest_2_x,0.9005394340917589,0.001,*viewpoint16
2907,ai_character,blade_chest_2_x,0.8748850963592293,0.001,*viewpoint19
2908,ai_character,blade_chest_2_x,0.9407720865726148,0.001,*viewpoint31
2909,ai_character,blade_chest_2_x,0.7822266229743462,0.001,*viewpoint32
2910,ai_character,blade_chest_2_x,0.9176342796618172,0.001,*viewpoint33
2911,ai_character,blade_chest_2_x,0.9143868924144568,0.001,*viewpoint37
2912,ai_character,blade_chest_2_x,0.9430599774997094,0.001,*viewpoint41
2913,ai_character,blade_chest_2_x,0.8774318729592758,0.001,*viewpoint50
2914,ai_character,blade_chest_2_x,0.8021323764162086,0.001,*viewpoint62
2915,ai_character,blade_chest_2_x,0.9194935264299134,0.001,*viewpoint71
2916,ai_character,blade_chest_2_x,0.8961676938974524,0.001,*viewpoint76
2917,ai_character,blade_chest_2_x,0.9496291115319064,0.001,*viewpoint78
2918,ai_character,blade_chest_2_x,0.9403270170072604,0.001,*viewpoint79
2919,ai_character,blade_chest_2_x,0.8944013516135754,0.001,*viewpoint94
2920,ai_character,blade_chest_2_x,0.8319677522948569,0.001,*viewpoint95
2921,ai_character,blade_chest_2_x,0.9411425315753064,0.001,*viewpoint97
2922,ai_character,blade_chest_2_x,0.8657502983060176,0.001,*viewpoint99
2923,ai_character,blade_chest_2_x,0.9222741068275576,0.01,*viewpoint03
2924,ai_character,blade_chest_2_x,0.8182197267063476,0.01,*viewpoint09
2925,ai_character,blade_chest_2_x,0.8537039938489546,0.01,*viewpoint11
2926,ai_character,blade_chest_2_x,0.9579122515858032,0.01,*viewpoint15
2927,ai_character,blade_chest_2_x,0.8981071591740685,0.01,*viewpoint16
2928,ai_character,blade_chest_2_x,0.835035869680979,0.01,*viewpoint19
2929,ai_character,blade_chest_2_x,0.8983971679970911,0.01,*viewpoint31
2930,ai_character,blade_chest_2_x,0.7362834430209908,0.01,*viewpoint32
2931,ai_character,blade_chest_2_x,0.862926943964415,0.01,*viewpoint33
2932,ai_character,blade_chest_2_x,0.8761372826365222,0.01,*viewpoint37
2933,ai_character,blade_chest_2_x,0.9232956653455088,0.01,*viewpoint41
2934,ai_character,blade_chest_2_x,0.8182167010329934,0.01,*viewpoint50
2935,ai_character,blade_chest_2_x,0.7602075177220262,0.01,*viewpoint62
2936,ai_character,blade_chest_2_x,0.8789842618558209,0.01,*viewpoint71
2937,ai_character,blade_chest_2_x,0.8487116775568067,0.01,*viewpoint76
2938,ai_character,blade_chest_2_x,0.9372906049601746,0.01,*viewpoint78
2939,ai_character,blade_chest_2_x,0.90080789781437,0.01,*viewpoint79
2940,ai_character,blade_chest_2_x,0.8822697354971629,0.01,*viewpoint94
2941,ai_character,blade_chest_2_x,0.8129492330347602,0.01,*viewpoint95
2942,ai_character,blade_chest_2_x,0.9014279448223176,0.01,*viewpoint97
2943,ai_character,blade_chest_2_x,0.8002928305101259,0.01,*viewpoint99
2944,ai_character,blade_chest_2_x,0.8997595981432199,0.1,*viewpoint03
2945,ai_character,blade_chest_2_x,0.7823536947443673,0.1,*viewpoint09
2946,ai_character,blade_chest_2_x,0.8529593272457976,0.1,*viewpoint11
2947,ai_character,blade_chest_2_x,0.9580900130905512,0.1,*viewpoint15
2948,ai_character,blade_chest_2_x,0.9175593280999064,0.1,*viewpoint16
2949,ai_character,blade_chest_2_x,0.8086212999608573,0.1,*viewpoint19
2950,ai_character,blade_chest_2_x,0.8806669335225036,0.1,*viewpoint31
2951,ai_character,blade_chest_2_x,0.7244812881049381,0.1,*viewpoint32
2952,ai_character,blade_chest_2_x,0.8470297634532412,0.1,*viewpoint33
2953,ai_character,blade_chest_2_x,0.8878159856021614,0.1,*viewpoint37
2954,ai_character,blade_chest_2_x,0.9319008488562679,0.1,*viewpoint41
2955,ai_character,blade_chest_2_x,0.7990926853242268,0.1,*viewpoint50
2956,ai_character,blade_chest_2_x,0.7664210440155119,0.1,*viewpoint62
2957,ai_character,blade_chest_2_x,0.8743230885288822,0.1,*viewpoint71
2958,ai_character,blade_chest_2_x,0.8648818910437859,0.1,*viewpoint76
2959,ai_character,blade_chest_2_x,0.9031254693150266,0.1,*viewpoint78
2960,ai_character,blade_chest_2_x,0.8656332866782188,0.1,*viewpoint79
2961,ai_character,blade_chest_2_x,0.8814445364983174,0.1,*viewpoint94
2962,ai_character,blade_chest_2_x,0.8035072049301051,0.1,*viewpoint95
2963,ai_character,blade_chest_2_x,0.8896531741022847,0.1,*viewpoint97
2964,ai_character,blade_chest_2_x,0.7706192605012175,0.1,*viewpoint99
2965,ai_character,blade_chest_3_x,0.9509841689986382,0.001,*viewpoint03
2966,ai_character,blade_chest_3_x,0.8731273475829451,0.001,*viewpoint09
2967,ai_character,blade_chest_3_x,0.8836665042600865,0.001,*viewpoint11
2968,ai_character,blade_chest_3_x,0.9580393693514628,0.001,*viewpoint15
2969,ai_character,blade_chest_3_x,0.9085247197370272,0.001,*viewpoint16
2970,ai_character,blade_chest_3_x,0.9143365060204685,0.001,*viewpoint19
2971,ai_character,blade_chest_3_x,0.907975250726776,0.001,*viewpoint31
2972,ai_character,blade_chest_3_x,0.8538887570106083,0.001,*viewpoint32
2973,ai_character,blade_chest_3_x,0.9611595175815868,0.001,*viewpoint33
2974,ai_character,blade_chest_3_x,0.9465675102914514,0.001,*viewpoint37
2975,ai_character,blade_chest_3_x,0.9566105583969364,0.001,*viewpoint41
2976,ai_character,blade_chest_3_x,0.9381221301802174,0.001,*viewpoint50
2977,ai_character,blade_chest_3_x,0.8519829793347279,0.001,*viewpoint62
2978,ai_character,blade_chest_3_x,0.9545872637105104,0.001,*viewpoint71
2979,ai_character,blade_chest_3_x,0.9368806149843644,0.001,*viewpoint76
2980,ai_character,blade_chest_3_x,0.9795923670656692,0.001,*viewpoint78
2981,ai_character,blade_chest_3_x,0.9663558448475441,0.001,*viewpoint79
2982,ai_character,blade_chest_3_x,0.9489967784339914,0.001,*viewpoint94
2983,ai_character,blade_chest_3_x,0.8810326693577992,0.001,*viewpoint95
2984,ai_character,blade_chest_3_x,0.9478747337939776,0.001,*viewpoint97
2985,ai_character,blade_chest_3_x,0.9234944032592824,0.001,*viewpoint99
2986,ai_character,blade_chest_3_x,0.9266666807515036,0.01,*viewpoint03
2987,ai_character,blade_chest_3_x,0.8387710477630103,0.01,*viewpoint09
2988,ai_character,blade_chest_3_x,0.8673430550904225,0.01,*viewpoint11
2989,ai_character,blade_chest_3_x,0.9541897015143076,0.01,*viewpoint15
2990,ai_character,blade_chest_3_x,0.9133410790586092,0.01,*viewpoint16
2991,ai_character,blade_chest_3_x,0.8612824533892465,0.01,*viewpoint19
2992,ai_character,blade_chest_3_x,0.9231690350737316,0.01,*viewpoint31
2993,ai_character,blade_chest_3_x,0.8153024312201053,0.01,*viewpoint32
2994,ai_character,blade_chest_3_x,0.8931702374131518,0.01,*viewpoint33
2995,ai_character,blade_chest_3_x,0.939582703075978,0.01,*viewpoint37
2996,ai_character,blade_chest_3_x,0.9454756122768292,0.01,*viewpoint41
2997,ai_character,blade_chest_3_x,0.899698072958996,0.01,*viewpoint50
2998,ai_character,blade_chest_3_x,0.8465862140734691,0.01,*viewpoint62
2999,ai_character,blade_chest_3_x,0.9111198803466436,0.01,*viewpoint71
3000,ai_character,blade_chest_3_x,0.9111711472671518,0.01,*viewpoint76
3001,ai_character,blade_chest_3_x,0.9380946811220581,0.01,*viewpoint78
3002,ai_character,blade_chest_3_x,0.9306086252452273,0.01,*viewpoint79
3003,ai_character,blade_chest_3_x,0.9195485970028447,0.01,*viewpoint94
3004,ai_character,blade_chest_3_x,0.8738071336548032,0.01,*viewpoint95
3005,ai_character,blade_chest_3_x,0.9148961728879079,0.01,*viewpoint97
3006,ai_character,blade_chest_3_x,0.8570063961553466,0.01,*viewpoint99
3007,ai_character,blade_chest_3_x,0.8923263986615284,0.1,*viewpoint03
3008,ai_character,blade_chest_3_x,0.796006016238417,0.1,*viewpoint09
3009,ai_character,blade_chest_3_x,0.8604276284955252,0.1,*viewpoint11
3010,ai_character,blade_chest_3_x,0.9372379284997068,0.1,*viewpoint15
3011,ai_character,blade_chest_3_x,0.8619624418104919,0.1,*viewpoint16
3012,ai_character,blade_chest_3_x,0.853989122988823,0.1,*viewpoint19
3013,ai_character,blade_chest_3_x,0.8998704136400654,0.1,*viewpoint31
3014,ai_character,blade_chest_3_x,0.7631246185897375,0.1,*viewpoint32
3015,ai_character,blade_chest_3_x,0.8643747734276137,0.1,*viewpoint33
3016,ai_character,blade_chest_3_x,0.92919202099311,0.1,*viewpoint37
3017,ai_character,blade_chest_3_x,0.9242460696842024,0.1,*viewpoint41
3018,ai_character,blade_chest_3_x,0.8595642462076135,0.1,*viewpoint50
3019,ai_character,blade_chest_3_x,0.7913897763487965,0.1,*viewpoint62
3020,ai_character,blade_chest_3_x,0.8770500737860732,0.1,*viewpoint71
3021,ai_character,blade_chest_3_x,0.8776172720765267,0.1,*viewpoint76
3022,ai_character,blade_chest_3_x,0.903468453880514,0.1,*viewpoint78
3023,ai_character,blade_chest_3_x,0.8671535103167451,0.1,*viewpoint79
3024,ai_character,blade_chest_3_x,0.8883932492620155,0.1,*viewpoint94
3025,ai_character,blade_chest_3_x,0.8575542609387095,0.1,*viewpoint95
3026,ai_character,blade_chest_3_x,0.8897569960103683,0.1,*viewpoint97
3027,ai_character,blade_chest_3_x,0.8094499785021527,0.1,*viewpoint99
3028,ai_character,blade_chest_2_y,0.7871249488055323,0.001,*viewpoint03
3029,ai_character,blade_chest_2_y,0.6721447962424252,0.001,*viewpoint09
3030,ai_character,blade_chest_2_y,0.7984455672759272,0.001,*viewpoint11
3031,ai_character,blade_chest_2_y,0.8912019691674296,0.001,*viewpoint15
3032,ai_character,blade_chest_2_y,0.7939591781305578,0.001,*viewpoint16
3033,ai_character,blade_chest_2_y,0.7869278619707194,0.001,*viewpoint19
3034,ai_character,blade_chest_2_y,0.8325162802926371,0.001,*viewpoint31
3035,ai_character,blade_chest_2_y,0.6166757989905922,0.001,*viewpoint32
3036,ai_character,blade_chest_2_y,0.7462651600914575,0.001,*viewpoint33
3037,ai_character,blade_chest_2_y,0.7839240286913651,0.001,*viewpoint37
3038,ai_character,blade_chest_2_y,0.8611784587815614,0.001,*viewpoint41
3039,ai_character,blade_chest_2_y,0.7227899825811657,0.001,*viewpoint50
3040,ai_character,blade_chest_2_y,0.5605043889502492,0.001,*viewpoint62
3041,ai_character,blade_chest_2_y,0.7056135110294158,0.001,*viewpoint71
3042,ai_character,blade_chest_2_y,0.6919411417610075,0.001,*viewpoint76
3043,ai_character,blade_chest_2_y,0.7956995852152139,0.001,*viewpoint78
3044,ai_character,blade_chest_2_y,0.7113477123144865,0.001,*viewpoint79
3045,ai_character,blade_chest_2_y,0.7333102545506228,0.001,*viewpoint94
3046,ai_character,blade_chest_2_y,0.7002463927980724,0.001,*viewpoint95
3047,ai_character,blade_chest_2_y,0.8382786397290235,0.001,*viewpoint97
3048,ai_character,blade_chest_2_y,0.7215060606130269,0.001,*viewpoint99
3049,ai_character,blade_chest_2_y,0.8967370593181231,0.01,*viewpoint03
3050,ai_character,blade_chest_2_y,0.7314469297539699,0.01,*viewpoint09
3051,ai_character,blade_chest_2_y,0.8209124534238825,0.01,*viewpoint11
3052,ai_character,blade_chest_2_y,0.9393598244909084,0.01,*viewpoint15
3053,ai_character,blade_chest_2_y,0.8645786381530112,0.01,*viewpoint16
3054,ai_character,blade_chest_2_y,0.8223130806840219,0.01,*viewpoint19
3055,ai_character,blade_chest_2_y,0.8477621760701327,0.01,*viewpoint31
3056,ai_character,blade_chest_2_y,0.6634714622655181,0.01,*viewpoint32
3057,ai_character,blade_chest_2_y,0.817458921264144,0.01,*viewpoint33
3058,ai_character,blade_chest_2_y,0.8115023065566761,0.01,*viewpoint37
3059,ai_character,blade_chest_2_y,0.8865830473779148,0.01,*viewpoint41
3060,ai_character,blade_chest_2_y,0.7455419534993094,0.01,*viewpoint50
3061,ai_character,blade_chest_2_y,0.656252973398198,0.01,*viewpoint62
3062,ai_character,blade_chest_2_y,0.8142884550422038,0.01,*viewpoint71
3063,ai_character,blade_chest_2_y,0.7577902045361087,0.01,*viewpoint76
3064,ai_character,blade_chest_2_y,0.8985902994947245,0.01,*viewpoint78
3065,ai_character,blade_chest_2_y,0.8648190915234553,0.01,*viewpoint79
3066,ai_character,blade_chest_2_y,0.7816854397243359,0.01,*viewpoint94
3067,ai_character,blade_chest_2_y,0.7264864072646752,0.01,*viewpoint95
3068,ai_character,blade_chest_2_y,0.87122603164954,0.01,*viewpoint97
3069,ai_character,blade_chest_2_y,0.7461554784807358,0.01,*viewpoint99
3070,ai_character,blade_chest_2_y,0.900345451812352,0.1,*viewpoint03
3071,ai_character,blade_chest_2_y,0.7574787817933969,0.1,*viewpoint09
3072,ai_character,blade_chest_2_y,0.8210040411558164,0.1,*viewpoint11
3073,ai_character,blade_chest_2_y,0.949287080772905,0.1,*viewpoint15
3074,ai_character,blade_chest_2_y,0.9079798725961749,0.1,*viewpoint16
3075,ai_character,blade_chest_2_y,0.8333699729766691,0.1,*viewpoint19
3076,ai_character,blade_chest_2_y,0.8879890994903715,0.1,*viewpoint31
3077,ai_character,blade_chest_2_y,0.7071145322666922,0.1,*viewpoint32
3078,ai_character,blade_chest_2_y,0.8425718884441621,0.1,*viewpoint33
3079,ai_character,blade_chest_2_y,0.8577786635379088,0.1,*viewpoint37
3080,ai_character,blade_chest_2_y,0.9238310609429558,0.1,*viewpoint41
3081,ai_character,blade_chest_2_y,0.7856608477666297,0.1,*viewpoint50
3082,ai_character,blade_chest_2_y,0.7164171925827519,0.1,*viewpoint62
3083,ai_character,blade_chest_2_y,0.8453385591982233,0.1,*viewpoint71
3084,ai_character,blade_chest_2_y,0.8258843606978822,0.1,*viewpoint76
3085,ai_character,blade_chest_2_y,0.9004549020516373,0.1,*viewpoint78
3086,ai_character,blade_chest_2_y,0.8531537349560184,0.1,*viewpoint79
3087,ai_character,blade_chest_2_y,0.8454434083990064,0.1,*viewpoint94
3088,ai_character,blade_chest_2_y,0.77383331841378,0.1,*viewpoint95
3089,ai_character,blade_chest_2_y,0.8852742860325175,0.1,*viewpoint97
3090,ai_character,blade_chest_2_y,0.7582732569152413,0.1,*viewpoint99
3091,ai_character,blade_chest_3_y,0.7733101848884225,0.001,*viewpoint03
3092,ai_character,blade_chest_3_y,0.7341766519994647,0.001,*viewpoint09
3093,ai_character,blade_chest_3_y,0.8001245702314859,0.001,*viewpoint11
3094,ai_character,blade_chest_3_y,0.9218023564862108,0.001,*viewpoint15
3095,ai_character,blade_chest_3_y,0.7628859436023295,0.001,*viewpoint16
3096,ai_character,blade_chest_3_y,0.7330276158725716,0.001,*viewpoint19
3097,ai_character,blade_chest_3_y,0.8270172091206781,0.001,*viewpoint31
3098,ai_character,blade_chest_3_y,0.6909992139853265,0.001,*viewpoint32
3099,ai_character,blade_chest_3_y,0.7353510379091983,0.001,*viewpoint33
3100,ai_character,blade_chest_3_y,0.8146135909254153,0.001,*viewpoint37
3101,ai_character,blade_chest_3_y,0.8717958427461949,0.001,*viewpoint41
3102,ai_character,blade_chest_3_y,0.7520328669025517,0.001,*viewpoint50
3103,ai_character,blade_chest_3_y,0.6359559059802247,0.001,*viewpoint62
3104,ai_character,blade_chest_3_y,0.7887524966031556,0.001,*viewpoint71
3105,ai_character,blade_chest_3_y,0.7207525210547255,0.001,*viewpoint76
3106,ai_character,blade_chest_3_y,0.8264708757408529,0.001,*viewpoint78
3107,ai_character,blade_chest_3_y,0.7704020160150036,0.001,*viewpoint79
3108,ai_character,blade_chest_3_y,0.7510104420159364,0.001,*viewpoint94
3109,ai_character,blade_chest_3_y,0.7226522928861028,0.001,*viewpoint95
3110,ai_character,blade_chest_3_y,0.8434265311463455,0.001,*viewpoint97
3111,ai_character,blade_chest_3_y,0.7172682439424871,0.001,*viewpoint99
3112,ai_character,blade_chest_3_y,0.8461207214343587,0.01,*viewpoint03
3113,ai_character,blade_chest_3_y,0.7510216883651204,0.01,*viewpoint09
3114,ai_character,blade_chest_3_y,0.844092734253374,0.01,*viewpoint11
3115,ai_character,blade_chest_3_y,0.9364958308761421,0.01,*viewpoint15
3116,ai_character,blade_chest_3_y,0.8224646353715669,0.01,*viewpoint16
3117,ai_character,blade_chest_3_y,0.7944799533709103,0.01,*viewpoint19
3118,ai_character,blade_chest_3_y,0.8524217663651643,0.01,*viewpoint31
3119,ai_character,blade_chest_3_y,0.724631240683277,0.01,*viewpoint32
3120,ai_character,blade_chest_3_y,0.7952954820813188,0.01,*viewpoint33
3121,ai_character,blade_chest_3_y,0.8542189002681385,0.01,*viewpoint37
3122,ai_character,blade_chest_3_y,0.8991945862255463,0.01,*viewpoint41
3123,ai_character,blade_chest_3_y,0.8090263489504574,0.01,*viewpoint50
3124,ai_character,blade_chest_3_y,0.7225232657724939,0.01,*viewpoint62
3125,ai_character,blade_chest_3_y,0.8693070409720104,0.01,*viewpoint71
3126,ai_character,blade_chest_3_y,0.7875288353995034,0.01,*viewpoint76
3127,ai_character,blade_chest_3_y,0.8867575360101972,0.01,*viewpoint78
3128,ai_character,blade_chest_3_y,0.8532327748634763,0.01,*viewpoint79
3129,ai_character,blade_chest_3_y,0.7925493303554543,0.01,*viewpoint94
3130,ai_character,blade_chest_3_y,0.7860774377569063,0.01,*viewpoint95
3131,ai_character,blade_chest_3_y,0.8564661017408489,0.01,*viewpoint97
3132,ai_character,blade_chest_3_y,0.7729074276457529,0.01,*viewpoint99
3133,ai_character,blade_chest_3_y,0.8727968290029389,0.1,*viewpoint03
3134,ai_character,blade_chest_3_y,0.8025849428549167,0.1,*viewpoint09
3135,ai_character,blade_chest_3_y,0.848871672545888,0.1,*viewpoint11
3136,ai_character,blade_chest_3_y,0.9395984562304692,0.1,*viewpoint15
3137,ai_character,blade_chest_3_y,0.8437816691873863,0.1,*viewpoint16
3138,ai_character,blade_chest_3_y,0.8304708829291916,0.1,*viewpoint19
3139,ai_character,blade_chest_3_y,0.8728635245770907,0.1,*viewpoint31
3140,ai_character,blade_chest_3_y,0.7242465052955164,0.1,*viewpoint32
3141,ai_character,blade_chest_3_y,0.8390865922681979,0.1,*viewpoint33
3142,ai_character,blade_chest_3_y,0.9114832706416498,0.1,*viewpoint37
3143,ai_character,blade_chest_3_y,0.9149571120391004,0.1,*viewpoint41
3144,ai_character,blade_chest_3_y,0.8259131587848573,0.1,*viewpoint50
3145,ai_character,blade_chest_3_y,0.7744231264324792,0.1,*viewpoint62
3146,ai_character,blade_chest_3_y,0.8551408242505394,0.1,*viewpoint71
3147,ai_character,blade_chest_3_y,0.8653454900655281,0.1,*viewpoint76
3148,ai_character,blade_chest_3_y,0.8969937618121848,0.1,*viewpoint78
3149,ai_character,blade_chest_3_y,0.8555524850366049,0.1,*viewpoint79
3150,ai_character,blade_chest_3_y,0.8686348787724743,0.1,*viewpoint94
3151,ai_character,blade_chest_3_y,0.8364436523506158,0.1,*viewpoint95
3152,ai_character,blade_chest_3_y,0.8758327233248857,0.1,*viewpoint97
3153,ai_character,blade_chest_3_y,0.8046703346868764,0.1,*viewpoint99
3154,ai_character,bpr_2,0.9260108853428342,0.001,*viewpoint03
3155,ai_character,bpr_2,0.902423231197324,0.001,*viewpoint09
3156,ai_character,bpr_2,0.8909901788336463,0.001,*viewpoint11
3157,ai_character,bpr_2,0.9512324060091742,0.001,*viewpoint15
3158,ai_character,bpr_2,0.9041841923084772,0.001,*viewpoint16
3159,ai_character,bpr_2,0.8650082775993472,0.001,*viewpoint19
3160,ai_character,bpr_2,0.8950501146377905,0.001,*viewpoint31
3161,ai_character,bpr_2,0.9101993153966084,0.001,*viewpoint32
3162,ai_character,bpr_2,0.9686077521196826,0.001,*viewpoint33
3163,ai_character,bpr_2,0.9555348331340764,0.001,*viewpoint37
3164,ai_character,bpr_2,0.9356236539141196,0.001,*viewpoint41
3165,ai_character,bpr_2,0.9503998169143064,0.001,*viewpoint50
3166,ai_character,bpr_2,0.923146607203407,0.001,*viewpoint62
3167,ai_character,bpr_2,0.9489834028849692,0.001,*viewpoint71
3168,ai_character,bpr_2,0.9370449289938224,0.001,*viewpoint76
3169,ai_character,bpr_2,0.9474472438383742,0.001,*viewpoint78
3170,ai_character,bpr_2,0.9313511266322522,0.001,*viewpoint79
3171,ai_character,bpr_2,0.927956401552028,0.001,*viewpoint94
3172,ai_character,bpr_2,0.9063798451140208,0.001,*viewpoint95
3173,ai_character,bpr_2,0.9304453909793734,0.001,*viewpoint97
3174,ai_character,bpr_2,0.9290009072972668,0.001,*viewpoint99
3175,ai_character,bpr_2,0.9330521761525354,0.01,*viewpoint03
3176,ai_character,bpr_2,0.8977431754414643,0.01,*viewpoint09
3177,ai_character,bpr_2,0.8913660379214081,0.01,*viewpoint11
3178,ai_character,bpr_2,0.9564767601716492,0.01,*viewpoint15
3179,ai_character,bpr_2,0.9198431983111504,0.01,*viewpoint16
3180,ai_character,bpr_2,0.8680051961261837,0.01,*viewpoint19
3181,ai_character,bpr_2,0.8946831911541844,0.01,*viewpoint31
3182,ai_character,bpr_2,0.9127300559082504,0.01,*viewpoint32
3183,ai_character,bpr_2,0.967825769676538,0.01,*viewpoint33
3184,ai_character,bpr_2,0.9555348331340764,0.01,*viewpoint37
3185,ai_character,bpr_2,0.9349411635718466,0.01,*viewpoint41
3186,ai_character,bpr_2,0.9537350419671126,0.01,*viewpoint50
3187,ai_character,bpr_2,0.8985902752922408,0.01,*viewpoint62
3188,ai_character,bpr_2,0.9537999500964796,0.01,*viewpoint71
3189,ai_character,bpr_2,0.9392885252580307,0.01,*viewpoint76
3190,ai_character,bpr_2,0.9463779670570012,0.01,*viewpoint78
3191,ai_character,bpr_2,0.9317100378010182,0.01,*viewpoint79
3192,ai_character,bpr_2,0.928405652852666,0.01,*viewpoint94
3193,ai_character,bpr_2,0.9070560606151268,0.01,*viewpoint95
3194,ai_character,bpr_2,0.9265503997308876,0.01,*viewpoint97
3195,ai_character,bpr_2,0.9245050878477904,0.01,*viewpoint99
3196,ai_character,bpr_2,0.9337564435243272,0.1,*viewpoint03
3197,ai_character,bpr_2,0.9020985030245596,0.1,*viewpoint09
3198,ai_character,bpr_2,0.8964262651640826,0.1,*viewpoint11
3199,ai_character,bpr_2,0.9632081417467478,0.1,*viewpoint15
3200,ai_character,bpr_2,0.9234007499358656,0.1,*viewpoint16
3201,ai_character,bpr_2,0.8707525696853883,0.1,*viewpoint19
3202,ai_character,bpr_2,0.9006091847837641,0.1,*viewpoint31
3203,ai_character,bpr_2,0.9017688335739956,0.1,*viewpoint32
3204,ai_character,bpr_2,0.9720756657521582,0.1,*viewpoint33
3205,ai_character,bpr_2,0.9602708339050912,0.1,*viewpoint37
3206,ai_character,bpr_2,0.9369315989266196,0.1,*viewpoint41
3207,ai_character,bpr_2,0.9414451239497486,0.1,*viewpoint50
3208,ai_character,bpr_2,0.8999784633602491,0.1,*viewpoint62
3209,ai_character,bpr_2,0.9564814420842846,0.1,*viewpoint71
3210,ai_character,bpr_2,0.9288864577463696,0.1,*viewpoint76
3211,ai_character,bpr_2,0.9363228434653492,0.1,*viewpoint78
3212,ai_character,bpr_2,0.9324440803579968,0.1,*viewpoint79
3213,ai_character,bpr_2,0.929429536776898,0.1,*viewpoint94
3214,ai_character,bpr_2,0.8873174193072402,0.1,*viewpoint95
3215,ai_character,bpr_2,0.9235019118742854,0.1,*viewpoint97
3216,ai_character,bpr_2,0.9254928213970398,0.1,*viewpoint99
3217,ai_character,bpr_3,0.9234058331673652,0.001,*viewpoint03
3218,ai_character,bpr_3,0.9081193519520344,0.001,*viewpoint09
3219,ai_character,bpr_3,0.9000947958070052,0.001,*viewpoint11
3220,ai_character,bpr_3,0.9542077221868408,0.001,*viewpoint15
3221,ai_character,bpr_3,0.8892421530511896,0.001,*viewpoint16
3222,ai_character,bpr_3,0.8660265520817618,0.001,*viewpoint19
3223,ai_character,bpr_3,0.9000335671244835,0.001,*viewpoint31
3224,ai_character,bpr_3,0.8733669143338727,0.001,*viewpoint32
3225,ai_character,bpr_3,0.96171516065371,0.001,*viewpoint33
3226,ai_character,bpr_3,0.971553997459818,0.001,*viewpoint37
3227,ai_character,bpr_3,0.9362339678569154,0.001,*viewpoint41
3228,ai_character,bpr_3,0.9271893012644944,0.001,*viewpoint50
3229,ai_character,bpr_3,0.9348389918972272,0.001,*viewpoint62
3230,ai_character,bpr_3,0.9485394554880316,0.001,*viewpoint71
3231,ai_character,bpr_3,0.9338043671002388,0.001,*viewpoint76
3232,ai_character,bpr_3,0.9460225394810804,0.001,*viewpoint78
3233,ai_character,bpr_3,0.9254267355878194,0.001,*viewpoint79
3234,ai_character,bpr_3,0.9247253359398244,0.001,*viewpoint94
3235,ai_character,bpr_3,0.863635035570678,0.001,*viewpoint95
3236,ai_character,bpr_3,0.9217960608557244,0.001,*viewpoint97
3237,ai_character,bpr_3,0.9144688891312996,0.001,*viewpoint99
3238,ai_character,bpr_3,0.9327465454322876,0.01,*viewpoint03
3239,ai_character,bpr_3,0.9142968709250848,0.01,*viewpoint09
3240,ai_character,bpr_3,0.9065527294255684,0.01,*viewpoint11
3241,ai_character,bpr_3,0.9607946613488958,0.01,*viewpoint15
3242,ai_character,bpr_3,0.9122257935986654,0.01,*viewpoint16
3243,ai_character,bpr_3,0.8783849350091503,0.01,*viewpoint19
3244,ai_character,bpr_3,0.9012126216807804,0.01,*viewpoint31
3245,ai_character,bpr_3,0.9205264729877723,0.01,*viewpoint32
3246,ai_character,bpr_3,0.9676090366979369,0.01,*viewpoint33
3247,ai_character,bpr_3,0.9669107494026812,0.01,*viewpoint37
3248,ai_character,bpr_3,0.94171232440719,0.01,*viewpoint41
3249,ai_character,bpr_3,0.952969463566128,0.01,*viewpoint50
3250,ai_character,bpr_3,0.9369941450082862,0.01,*viewpoint62
3251,ai_character,bpr_3,0.9556565067117021,0.01,*viewpoint71
3252,ai_character,bpr_3,0.9353266791201196,0.01,*viewpoint76
3253,ai_character,bpr_3,0.9476309847219228,0.01,*viewpoint78
3254,ai_character,bpr_3,0.9308899452575242,0.01,*viewpoint79
3255,ai_character,bpr_3,0.9258178724178844,0.01,*viewpoint94
3256,ai_character,bpr_3,0.9188631068937436,0.01,*viewpoint95
3257,ai_character,bpr_3,0.9403670683940888,0.01,*viewpoint97
3258,ai_character,bpr_3,0.9324317971117112,0.01,*viewpoint99
3259,ai_character,bpr_3,0.881595517554908,0.1,*viewpoint03
3260,ai_character,bpr_3,0.8959228368301763,0.1,*viewpoint09
3261,ai_character,bpr_3,0.9267308761056008,0.1,*viewpoint11
3262,ai_character,bpr_3,0.9136015470490304,0.1,*viewpoint15
3263,ai_character,bpr_3,0.8238559110528612,0.1,*viewpoint16
3264,ai_character,bpr_3,0.8331743247919043,0.1,*viewpoint19
3265,ai_character,bpr_3,0.8750607240332664,0.1,*viewpoint31
3266,ai_character,bpr_3,0.8991196748052775,0.1,*viewpoint32
3267,ai_character,bpr_3,0.9269126239169604,0.1,*viewpoint33
3268,ai_character,bpr_3,0.9419698898786008,0.1,*viewpoint37
3269,ai_character,bpr_3,0.9310204690838116,0.1,*viewpoint41
3270,ai_character,bpr_3,0.9204092184249558,0.1,*viewpoint50
3271,ai_character,bpr_3,0.9243169594506552,0.1,*viewpoint62
3272,ai_character,bpr_3,0.9405630505094924,0.1,*viewpoint71
3273,ai_character,bpr_3,0.9389917827102212,0.1,*viewpoint76
3274,ai_character,bpr_3,0.9247099520124415,0.1,*viewpoint78
3275,ai_character,bpr_3,0.8273826935392038,0.1,*viewpoint79
3276,ai_character,bpr_3,0.8999903279120977,0.1,*viewpoint94
3277,ai_character,bpr_3,0.8492384922008434,0.1,*viewpoint95
3278,ai_character,bpr_3,0.9227883729713684,0.1,*viewpoint97
3279,ai_character,bpr_3,0.8914522787279503,0.1,*viewpoint99
3280,ai_character,crowdbt,0.9180171252329392,0.001,*viewpoint03
3281,ai_character,crowdbt,0.8952240510966651,0.001,*viewpoint09
3282,ai_character,crowdbt,0.9017294404112448,0.001,*viewpoint11
3283,ai_character,crowdbt,0.946200154192693,0.001,*viewpoint15
3284,ai_character,crowdbt,0.8941669545090791,0.001,*viewpoint16
3285,ai_character,crowdbt,0.8612402436133308,0.001,*viewpoint19
3286,ai_character,crowdbt,0.8872747197187728,0.001,*viewpoint31
3287,ai_character,crowdbt,0.8948568007406714,0.001,*viewpoint32
3288,ai_character,crowdbt,0.9698492608460412,0.001,*viewpoint33
3289,ai_character,crowdbt,0.9498325785875794,0.001,*viewpoint37
3290,ai_character,crowdbt,0.9358820249156464,0.001,*viewpoint41
3291,ai_character,crowdbt,0.936389830329435,0.001,*viewpoint50
3292,ai_character,crowdbt,0.8845846824134818,0.001,*viewpoint62
3293,ai_character,crowdbt,0.9492828453355706,0.001,*viewpoint71
3294,ai_character,crowdbt,0.92459822792065,0.001,*viewpoint76
3295,ai_character,crowdbt,0.9480450175336559,0.001,*viewpoint78
3296,ai_character,crowdbt,0.9266485800516726,0.001,*viewpoint79
3297,ai_character,crowdbt,0.9173511631818696,0.001,*viewpoint94
3298,ai_character,crowdbt,0.8683240207957895,0.001,*viewpoint95
3299,ai_character,crowdbt,0.9290413306304868,0.001,*viewpoint97
3300,ai_character,crowdbt,0.9246171413198764,0.001,*viewpoint99
3301,ai_character,crowdbt,0.92153476372565,0.01,*viewpoint03
3302,ai_character,crowdbt,0.8929637701869706,0.01,*viewpoint09
3303,ai_character,crowdbt,0.9028840036800646,0.01,*viewpoint11
3304,ai_character,crowdbt,0.9529503543742104,0.01,*viewpoint15
3305,ai_character,crowdbt,0.9053973608256328,0.01,*viewpoint16
3306,ai_character,crowdbt,0.8559237572150906,0.01,*viewpoint19
3307,ai_character,crowdbt,0.8963570155364976,0.01,*viewpoint31
3308,ai_character,crowdbt,0.8969697901553154,0.01,*viewpoint32
3309,ai_character,crowdbt,0.9764381649989108,0.01,*viewpoint33
3310,ai_character,crowdbt,0.954626593985064,0.01,*viewpoint37
3311,ai_character,crowdbt,0.9414509365082148,0.01,*viewpoint41
3312,ai_character,crowdbt,0.9398657040075808,0.01,*viewpoint50
3313,ai_character,crowdbt,0.8732359913100617,0.01,*viewpoint62
3314,ai_character,crowdbt,0.9555503741645576,0.01,*viewpoint71
3315,ai_character,crowdbt,0.924728084237418,0.01,*viewpoint76
3316,ai_character,crowdbt,0.9479219800020372,0.01,*viewpoint78
3317,ai_character,crowdbt,0.9330685643554542,0.01,*viewpoint79
3318,ai_character,crowdbt,0.9111057070278852,0.01,*viewpoint94
3319,ai_character,crowdbt,0.8661706617146527,0.01,*viewpoint95
3320,ai_character,crowdbt,0.937599602448675,0.01,*viewpoint97
3321,ai_character,crowdbt,0.9352396328028628,0.01,*viewpoint99
3322,ai_character,crowdbt,0.9095026631962241,0.1,*viewpoint03
3323,ai_character,crowdbt,0.9073464490573528,0.1,*viewpoint09
3324,ai_character,crowdbt,0.908419766583815,0.1,*viewpoint11
3325,ai_character,crowdbt,0.9513492253143166,0.1,*viewpoint15
3326,ai_character,crowdbt,0.8943627062165351,0.1,*viewpoint16
3327,ai_character,crowdbt,0.8696664573546979,0.1,*viewpoint19
3328,ai_character,crowdbt,0.88748961021211,0.1,*viewpoint31
3329,ai_character,crowdbt,0.9147746230427696,0.1,*viewpoint32
3330,ai_character,crowdbt,0.9800362985172966,0.1,*viewpoint33
3331,ai_character,crowdbt,0.9528842092629576,0.1,*viewpoint37
3332,ai_character,crowdbt,0.9323635999308016,0.1,*viewpoint41
3333,ai_character,crowdbt,0.943566710139728,0.1,*viewpoint50
3334,ai_character,crowdbt,0.8858837230494595,0.1,*viewpoint62
3335,ai_character,crowdbt,0.950646753517227,0.1,*viewpoint71
3336,ai_character,crowdbt,0.931067373011534,0.1,*viewpoint76
3337,ai_character,crowdbt,0.9480450175336559,0.1,*viewpoint78
3338,ai_character,crowdbt,0.926710527825689,0.1,*viewpoint79
3339,ai_character,crowdbt,0.9157397743607688,0.1,*viewpoint94
3340,ai_character,crowdbt,0.9113984761326528,0.1,*viewpoint95
3341,ai_character,crowdbt,0.9360425382391044,0.1,*viewpoint97
3342,ai_character,crowdbt,0.9263142743261158,0.1,*viewpoint99
3343,ai_character,bt,0.9045070504289808,0.001,*viewpoint03
3344,ai_character,bt,0.7764839337094233,0.001,*viewpoint09
3345,ai_character,bt,0.8323029377185983,0.001,*viewpoint11
3346,ai_character,bt,0.9227463339143199,0.001,*viewpoint15
3347,ai_character,bt,0.8661237202993949,0.001,*viewpoint16
3348,ai_character,bt,0.8049481650556324,0.001,*viewpoint19
3349,ai_character,bt,0.8895351508620953,0.001,*viewpoint31
3350,ai_character,bt,0.7307991727134595,0.001,*viewpoint32
3351,ai_character,bt,0.8983640157029417,0.001,*viewpoint33
3352,ai_character,bt,0.9046080599860492,0.001,*viewpoint37
3353,ai_character,bt,0.9211010750366933,0.001,*viewpoint41
3354,ai_character,bt,0.8382685340038463,0.001,*viewpoint50
3355,ai_character,bt,0.7270937326632491,0.001,*viewpoint62
3356,ai_character,bt,0.8479088314982229,0.001,*viewpoint71
3357,ai_character,bt,0.8004279439505301,0.001,*viewpoint76
3358,ai_character,bt,0.9145275344872072,0.001,*viewpoint78
3359,ai_character,bt,0.8871263372556445,0.001,*viewpoint79
3360,ai_character,bt,0.851510280126177,0.001,*viewpoint94
3361,ai_character,bt,0.786128757668391,0.001,*viewpoint95
3362,ai_character,bt,0.8902849521173536,0.001,*viewpoint97
3363,ai_character,bt,0.8363684764842493,0.001,*viewpoint99
3364,ai_character,bt,0.9036718543161344,0.01,*viewpoint03
3365,ai_character,bt,0.7755089629606307,0.01,*viewpoint09
3366,ai_character,bt,0.8325163430478301,0.01,*viewpoint11
3367,ai_character,bt,0.922436592949501,0.01,*viewpoint15
3368,ai_character,bt,0.8659288334698191,0.01,*viewpoint16
3369,ai_character,bt,0.8045382607479883,0.01,*viewpoint19
3370,ai_character,bt,0.8895351508620953,0.01,*viewpoint31
3371,ai_character,bt,0.730988590295168,0.01,*viewpoint32
3372,ai_character,bt,0.8975577764904621,0.01,*viewpoint33
3373,ai_character,bt,0.9047004653556462,0.01,*viewpoint37
3374,ai_character,bt,0.9212098202354059,0.01,*viewpoint41
3375,ai_character,bt,0.8382685340038463,0.01,*viewpoint50
3376,ai_character,bt,0.7264201001456443,0.01,*viewpoint62
3377,ai_character,bt,0.8472015611659909,0.01,*viewpoint71
3378,ai_character,bt,0.8001370581444266,0.01,*viewpoint76
3379,ai_character,bt,0.9139763118365616,0.01,*viewpoint78
3380,ai_character,bt,0.8866637817011804,0.01,*viewpoint79
3381,ai_character,bt,0.8516098876484683,0.01,*viewpoint94
3382,ai_character,bt,0.786128757668391,0.01,*viewpoint95
3383,ai_character,bt,0.8896553320082604,0.01,*viewpoint97
3384,ai_character,bt,0.8363684764842493,0.01,*viewpoint99
3385,ai_character,bt,0.903140705632578,0.1,*viewpoint03
3386,ai_character,bt,0.7729727781665928,0.1,*viewpoint09
3387,ai_character,bt,0.8326630699198486,0.1,*viewpoint11
3388,ai_character,bt,0.9237822923270266,0.1,*viewpoint15
3389,ai_character,bt,0.8643003189123805,0.1,*viewpoint16
3390,ai_character,bt,0.8063568437430606,0.1,*viewpoint19
3391,ai_character,bt,0.888996645964376,0.1,*viewpoint31
3392,ai_character,bt,0.7290026587609508,0.1,*viewpoint32
3393,ai_character,bt,0.896847761669506,0.1,*viewpoint33
3394,ai_character,bt,0.9024881744612592,0.1,*viewpoint37
3395,ai_character,bt,0.9198029392989254,0.1,*viewpoint41
3396,ai_character,bt,0.8362589261466618,0.1,*viewpoint50
3397,ai_character,bt,0.721090454951079,0.1,*viewpoint62
3398,ai_character,bt,0.846192396955051,0.1,*viewpoint71
3399,ai_character,bt,0.7970357226412597,0.1,*viewpoint76
3400,ai_character,bt,0.9123952335956972,0.1,*viewpoint78
3401,ai_character,bt,0.8860308107169115,0.1,*viewpoint79
3402,ai_character,bt,0.8495526358607338,0.1,*viewpoint94
3403,ai_character,bt,0.7883625769479898,0.1,*viewpoint95
3404,ai_character,bt,0.8867552972667159,0.1,*viewpoint97
3405,ai_character,bt,0.8344469112639801,0.1,*viewpoint99
3406,olympic,crowdea_2,0.9570657510794088,,*viewpoint02
3407,olympic,crowdea_2,0.7927922046467218,,*viewpoint06
3408,olympic,crowdea_2,0.952593373995956,,*viewpoint08
3409,olympic,crowdea_2,0.9435519720038259,,*viewpoint10
3410,olympic,crowdea_2,0.9307117364513297,,*viewpoint11
3411,olympic,crowdea_2,0.9642937788587521,,*viewpoint12
3412,olympic,crowdea_2,0.9541761732257128,,*viewpoint21
3413,olympic,crowdea_2,0.9511357512921182,,*viewpoint26
3414,olympic,crowdea_2,0.9810835437976638,,*viewpoint30
3415,olympic,crowdea_2,0.9863599416095938,,*viewpoint31
3416,olympic,crowdea_2,0.9854412380582944,,*viewpoint32
3417,olympic,crowdea_2,0.8909898746936258,,*viewpoint33
3418,olympic,crowdea_2,0.9602281510963708,,*viewpoint39
3419,olympic,crowdea_2,0.9787045968200182,,*viewpoint47
3420,olympic,crowdea_2,0.9553224079592232,,*viewpoint59
3421,olympic,crowdea_2,0.9714283253914944,,*viewpoint63
3422,olympic,crowdea_2,0.9536197283029104,,*viewpoint73
3423,olympic,crowdea_2,0.9411472656964353,,*viewpoint74
3424,olympic,crowdea_2,0.9314723255111887,,*viewpoint77
3425,olympic,crowdea_2,0.9830839022189816,,*viewpoint78
3426,olympic,crowdea_2,0.977868980530734,,*viewpoint85
3427,olympic,crowdea_2,0.9099877781819472,,*viewpoint87
3428,olympic,crowdea_2,0.9569441482905141,,*viewpoint93
3429,olympic,crowdea_3,0.9755831339932436,,*viewpoint02
3430,olympic,crowdea_3,0.9116691755318092,,*viewpoint06
3431,olympic,crowdea_3,0.958876124275188,,*viewpoint08
3432,olympic,crowdea_3,0.9487903551146089,,*viewpoint10
3433,olympic,crowdea_3,0.961096327842816,,*viewpoint11
3434,olympic,crowdea_3,0.9654365554667924,,*viewpoint12
3435,olympic,crowdea_3,0.963648157902745,,*viewpoint21
3436,olympic,crowdea_3,0.9596165691959838,,*viewpoint26
3437,olympic,crowdea_3,0.989061904021202,,*viewpoint30
3438,olympic,crowdea_3,0.992842392686525,,*viewpoint31
3439,olympic,crowdea_3,0.991730432918038,,*viewpoint32
3440,olympic,crowdea_3,0.8965438365319844,,*viewpoint33
3441,olympic,crowdea_3,0.9696991342611679,,*viewpoint39
3442,olympic,crowdea_3,0.9900922107531116,,*viewpoint47
3443,olympic,crowdea_3,0.9652423876880842,,*viewpoint59
3444,olympic,crowdea_3,0.973202348687808,,*viewpoint63
3445,olympic,crowdea_3,0.9622220139158728,,*viewpoint73
3446,olympic,crowdea_3,0.9499039114905576,,*viewpoint74
3447,olympic,crowdea_3,0.9442543494758572,,*viewpoint77
3448,olympic,crowdea_3,0.9950539318145322,,*viewpoint78
3449,olympic,crowdea_3,0.9879600638192756,,*viewpoint85
3450,olympic,crowdea_3,0.9530825913959668,,*viewpoint87
3451,olympic,crowdea_3,0.9266097786984632,,*viewpoint93
3452,olympic,blade_chest_2_x,0.970588309445759,0.001,*viewpoint02
3453,olympic,blade_chest_2_x,0.8631249692301699,0.001,*viewpoint06
3454,olympic,blade_chest_2_x,0.8985383198066519,0.001,*viewpoint08
3455,olympic,blade_chest_2_x,0.922555710774814,0.001,*viewpoint10
3456,olympic,blade_chest_2_x,0.8956374936038253,0.001,*viewpoint11
3457,olympic,blade_chest_2_x,0.9518214819723853,0.001,*viewpoint12
3458,olympic,blade_chest_2_x,0.908529344408876,0.001,*viewpoint21
3459,olympic,blade_chest_2_x,0.8998525526529332,0.001,*viewpoint26
3460,olympic,blade_chest_2_x,0.9398015586332168,0.001,*viewpoint30
3461,olympic,blade_chest_2_x,0.931977653228517,0.001,*viewpoint31
3462,olympic,blade_chest_2_x,0.9649966824783806,0.001,*viewpoint32
3463,olympic,blade_chest_2_x,0.8847926513760601,0.001,*viewpoint33
3464,olympic,blade_chest_2_x,0.9346324082090256,0.001,*viewpoint39
3465,olympic,blade_chest_2_x,0.9524683421790408,0.001,*viewpoint47
3466,olympic,blade_chest_2_x,0.9320091403552284,0.001,*viewpoint59
3467,olympic,blade_chest_2_x,0.9576515900925964,0.001,*viewpoint63
3468,olympic,blade_chest_2_x,0.9000941949148246,0.001,*viewpoint73
3469,olympic,blade_chest_2_x,0.878635222003085,0.001,*viewpoint74
3470,olympic,blade_chest_2_x,0.8976997024374468,0.001,*viewpoint77
3471,olympic,blade_chest_2_x,0.9535507340653656,0.001,*viewpoint78
3472,olympic,blade_chest_2_x,0.9323266925158332,0.001,*viewpoint85
3473,olympic,blade_chest_2_x,0.9049426331301936,0.001,*viewpoint87
3474,olympic,blade_chest_2_x,0.95281752249341,0.001,*viewpoint93
3475,olympic,blade_chest_2_x,0.9620097875578328,0.01,*viewpoint02
3476,olympic,blade_chest_2_x,0.8114972653249013,0.01,*viewpoint06
3477,olympic,blade_chest_2_x,0.8657891334884757,0.01,*viewpoint08
3478,olympic,blade_chest_2_x,0.8990992056633441,0.01,*viewpoint10
3479,olympic,blade_chest_2_x,0.8609787355772792,0.01,*viewpoint11
3480,olympic,blade_chest_2_x,0.9134094154189042,0.01,*viewpoint12
3481,olympic,blade_chest_2_x,0.8521261619456154,0.01,*viewpoint21
3482,olympic,blade_chest_2_x,0.8713723378870026,0.01,*viewpoint26
3483,olympic,blade_chest_2_x,0.9045322504256288,0.01,*viewpoint30
3484,olympic,blade_chest_2_x,0.8885073712037652,0.01,*viewpoint31
3485,olympic,blade_chest_2_x,0.9374968814481479,0.01,*viewpoint32
3486,olympic,blade_chest_2_x,0.8707256303860077,0.01,*viewpoint33
3487,olympic,blade_chest_2_x,0.904868043713996,0.01,*viewpoint39
3488,olympic,blade_chest_2_x,0.9184934741571276,0.01,*viewpoint47
3489,olympic,blade_chest_2_x,0.9185774268582148,0.01,*viewpoint59
3490,olympic,blade_chest_2_x,0.9461811212237996,0.01,*viewpoint63
3491,olympic,blade_chest_2_x,0.8750022824901702,0.01,*viewpoint73
3492,olympic,blade_chest_2_x,0.8560706586348181,0.01,*viewpoint74
3493,olympic,blade_chest_2_x,0.8720195695782035,0.01,*viewpoint77
3494,olympic,blade_chest_2_x,0.9164732465684964,0.01,*viewpoint78
3495,olympic,blade_chest_2_x,0.9023255822618136,0.01,*viewpoint85
3496,olympic,blade_chest_2_x,0.8856837831573464,0.01,*viewpoint87
3497,olympic,blade_chest_2_x,0.9309712096341568,0.01,*viewpoint93
3498,olympic,blade_chest_2_x,0.9366323513445914,0.1,*viewpoint02
3499,olympic,blade_chest_2_x,0.8115297459822449,0.1,*viewpoint06
3500,olympic,blade_chest_2_x,0.8670854509770254,0.1,*viewpoint08
3501,olympic,blade_chest_2_x,0.8769166126204662,0.1,*viewpoint10
3502,olympic,blade_chest_2_x,0.8491138512219393,0.1,*viewpoint11
3503,olympic,blade_chest_2_x,0.8720478392719342,0.1,*viewpoint12
3504,olympic,blade_chest_2_x,0.8356159182373697,0.1,*viewpoint21
3505,olympic,blade_chest_2_x,0.8357763146446321,0.1,*viewpoint26
3506,olympic,blade_chest_2_x,0.8990924038173205,0.1,*viewpoint30
3507,olympic,blade_chest_2_x,0.8722217766905104,0.1,*viewpoint31
3508,olympic,blade_chest_2_x,0.9361813640411843,0.1,*viewpoint32
3509,olympic,blade_chest_2_x,0.847535374939398,0.1,*viewpoint33
3510,olympic,blade_chest_2_x,0.8893736647803591,0.1,*viewpoint39
3511,olympic,blade_chest_2_x,0.9161159722930868,0.1,*viewpoint47
3512,olympic,blade_chest_2_x,0.9071993763960948,0.1,*viewpoint59
3513,olympic,blade_chest_2_x,0.9441910946574052,0.1,*viewpoint63
3514,olympic,blade_chest_2_x,0.8635423046900959,0.1,*viewpoint73
3515,olympic,blade_chest_2_x,0.8567855588957284,0.1,*viewpoint74
3516,olympic,blade_chest_2_x,0.8720938498483083,0.1,*viewpoint77
3517,olympic,blade_chest_2_x,0.9107813975912632,0.1,*viewpoint78
3518,olympic,blade_chest_2_x,0.9068492776528622,0.1,*viewpoint85
3519,olympic,blade_chest_2_x,0.8828038141750738,0.1,*viewpoint87
3520,olympic,blade_chest_2_x,0.8792588619005359,0.1,*viewpoint93
3521,olympic,blade_chest_3_x,0.9586894409287448,0.001,*viewpoint02
3522,olympic,blade_chest_3_x,0.9024087797540288,0.001,*viewpoint06
3523,olympic,blade_chest_3_x,0.9170343153751584,0.001,*viewpoint08
3524,olympic,blade_chest_3_x,0.9164159323629584,0.001,*viewpoint10
3525,olympic,blade_chest_3_x,0.9130384306018426,0.001,*viewpoint11
3526,olympic,blade_chest_3_x,0.9087822328021132,0.001,*viewpoint12
3527,olympic,blade_chest_3_x,0.9097809303938356,0.001,*viewpoint21
3528,olympic,blade_chest_3_x,0.9133844320302102,0.001,*viewpoint26
3529,olympic,blade_chest_3_x,0.917727785986328,0.001,*viewpoint30
3530,olympic,blade_chest_3_x,0.9373020310077432,0.001,*viewpoint31
3531,olympic,blade_chest_3_x,0.9542920538440608,0.001,*viewpoint32
3532,olympic,blade_chest_3_x,0.8783100475336788,0.001,*viewpoint33
3533,olympic,blade_chest_3_x,0.9352062940495516,0.001,*viewpoint39
3534,olympic,blade_chest_3_x,0.9480439139854328,0.001,*viewpoint47
3535,olympic,blade_chest_3_x,0.9222574849459008,0.001,*viewpoint59
3536,olympic,blade_chest_3_x,0.9772647472620734,0.001,*viewpoint63
3537,olympic,blade_chest_3_x,0.9144649091894268,0.001,*viewpoint73
3538,olympic,blade_chest_3_x,0.8802835445920729,0.001,*viewpoint74
3539,olympic,blade_chest_3_x,0.8974965883369515,0.001,*viewpoint77
3540,olympic,blade_chest_3_x,0.9507428633192816,0.001,*viewpoint78
3541,olympic,blade_chest_3_x,0.9464609033274052,0.001,*viewpoint85
3542,olympic,blade_chest_3_x,0.9183830227195904,0.001,*viewpoint87
3543,olympic,blade_chest_3_x,0.890782390735842,0.001,*viewpoint93
3544,olympic,blade_chest_3_x,0.9567160937982832,0.01,*viewpoint02
3545,olympic,blade_chest_3_x,0.8153776905247598,0.01,*viewpoint06
3546,olympic,blade_chest_3_x,0.8784069635933694,0.01,*viewpoint08
3547,olympic,blade_chest_3_x,0.8783175561617379,0.01,*viewpoint10
3548,olympic,blade_chest_3_x,0.8493018056529343,0.01,*viewpoint11
3549,olympic,blade_chest_3_x,0.8737135069524056,0.01,*viewpoint12
3550,olympic,blade_chest_3_x,0.8687168830170159,0.01,*viewpoint21
3551,olympic,blade_chest_3_x,0.858665781205409,0.01,*viewpoint26
3552,olympic,blade_chest_3_x,0.87743843495018,0.01,*viewpoint30
3553,olympic,blade_chest_3_x,0.9062860890004912,0.01,*viewpoint31
3554,olympic,blade_chest_3_x,0.9255194153070504,0.01,*viewpoint32
3555,olympic,blade_chest_3_x,0.8655184371180418,0.01,*viewpoint33
3556,olympic,blade_chest_3_x,0.8921271150628366,0.01,*viewpoint39
3557,olympic,blade_chest_3_x,0.9048537654079304,0.01,*viewpoint47
3558,olympic,blade_chest_3_x,0.8972740515621214,0.01,*viewpoint59
3559,olympic,blade_chest_3_x,0.9650951604196224,0.01,*viewpoint63
3560,olympic,blade_chest_3_x,0.8567127177428767,0.01,*viewpoint73
3561,olympic,blade_chest_3_x,0.8947810785030063,0.01,*viewpoint74
3562,olympic,blade_chest_3_x,0.8693493593951508,0.01,*viewpoint77
3563,olympic,blade_chest_3_x,0.9023153800292923,0.01,*viewpoint78
3564,olympic,blade_chest_3_x,0.9143300866260438,0.01,*viewpoint85
3565,olympic,blade_chest_3_x,0.9276770715700964,0.01,*viewpoint87
3566,olympic,blade_chest_3_x,0.903689202588666,0.01,*viewpoint93
3567,olympic,blade_chest_3_x,0.9431104221759622,0.1,*viewpoint02
3568,olympic,blade_chest_3_x,0.8602700266765445,0.1,*viewpoint06
3569,olympic,blade_chest_3_x,0.8620323831830519,0.1,*viewpoint08
3570,olympic,blade_chest_3_x,0.8937515480462583,0.1,*viewpoint10
3571,olympic,blade_chest_3_x,0.8817902756722766,0.1,*viewpoint11
3572,olympic,blade_chest_3_x,0.8691298187571515,0.1,*viewpoint12
3573,olympic,blade_chest_3_x,0.8720630032904007,0.1,*viewpoint21
3574,olympic,blade_chest_3_x,0.850873154347398,0.1,*viewpoint26
3575,olympic,blade_chest_3_x,0.8835331295938441,0.1,*viewpoint30
3576,olympic,blade_chest_3_x,0.9099549221089712,0.1,*viewpoint31
3577,olympic,blade_chest_3_x,0.9205415281476188,0.1,*viewpoint32
3578,olympic,blade_chest_3_x,0.8675379851749834,0.1,*viewpoint33
3579,olympic,blade_chest_3_x,0.9005962187175188,0.1,*viewpoint39
3580,olympic,blade_chest_3_x,0.8986307473688693,0.1,*viewpoint47
3581,olympic,blade_chest_3_x,0.8975677197316199,0.1,*viewpoint59
3582,olympic,blade_chest_3_x,0.9463689914785178,0.1,*viewpoint63
3583,olympic,blade_chest_3_x,0.8719620435125949,0.1,*viewpoint73
3584,olympic,blade_chest_3_x,0.8444056849781486,0.1,*viewpoint74
3585,olympic,blade_chest_3_x,0.8707963849532341,0.1,*viewpoint77
3586,olympic,blade_chest_3_x,0.9016868078910684,0.1,*viewpoint78
3587,olympic,blade_chest_3_x,0.9034029222347948,0.1,*viewpoint85
3588,olympic,blade_chest_3_x,0.9181379905827164,0.1,*viewpoint87
3589,olympic,blade_chest_3_x,0.8901698017649199,0.1,*viewpoint93
3590,olympic,blade_chest_2_y,0.907046436615458,0.001,*viewpoint02
3591,olympic,blade_chest_2_y,0.7640376479606608,0.001,*viewpoint06
3592,olympic,blade_chest_2_y,0.8295955203522352,0.001,*viewpoint08
3593,olympic,blade_chest_2_y,0.8715656462924629,0.001,*viewpoint10
3594,olympic,blade_chest_2_y,0.7731608979559399,0.001,*viewpoint11
3595,olympic,blade_chest_2_y,0.8659462082448216,0.001,*viewpoint12
3596,olympic,blade_chest_2_y,0.8235631289666608,0.001,*viewpoint21
3597,olympic,blade_chest_2_y,0.7793900503183622,0.001,*viewpoint26
3598,olympic,blade_chest_2_y,0.8726085286214269,0.001,*viewpoint30
3599,olympic,blade_chest_2_y,0.8615004772782292,0.001,*viewpoint31
3600,olympic,blade_chest_2_y,0.8781389692775166,0.001,*viewpoint32
3601,olympic,blade_chest_2_y,0.8532751678869793,0.001,*viewpoint33
3602,olympic,blade_chest_2_y,0.826109202124739,0.001,*viewpoint39
3603,olympic,blade_chest_2_y,0.8981195231831044,0.001,*viewpoint47
3604,olympic,blade_chest_2_y,0.8898557692299763,0.001,*viewpoint59
3605,olympic,blade_chest_2_y,0.9362179924095408,0.001,*viewpoint63
3606,olympic,blade_chest_2_y,0.7974894645094472,0.001,*viewpoint73
3607,olympic,blade_chest_2_y,0.8531745646129467,0.001,*viewpoint74
3608,olympic,blade_chest_2_y,0.8530797208963766,0.001,*viewpoint77
3609,olympic,blade_chest_2_y,0.8840599558757732,0.001,*viewpoint78
3610,olympic,blade_chest_2_y,0.8869217248710783,0.001,*viewpoint85
3611,olympic,blade_chest_2_y,0.8205764366702442,0.001,*viewpoint87
3612,olympic,blade_chest_2_y,0.8420817397033441,0.001,*viewpoint93
3613,olympic,blade_chest_2_y,0.9188997263960104,0.01,*viewpoint02
3614,olympic,blade_chest_2_y,0.792316072191238,0.01,*viewpoint06
3615,olympic,blade_chest_2_y,0.8476402505727778,0.01,*viewpoint08
3616,olympic,blade_chest_2_y,0.8852170461280991,0.01,*viewpoint10
3617,olympic,blade_chest_2_y,0.8214473959620912,0.01,*viewpoint11
3618,olympic,blade_chest_2_y,0.8993976745035235,0.01,*viewpoint12
3619,olympic,blade_chest_2_y,0.8426755692488233,0.01,*viewpoint21
3620,olympic,blade_chest_2_y,0.8282978098851659,0.01,*viewpoint26
3621,olympic,blade_chest_2_y,0.8846712848909051,0.01,*viewpoint30
3622,olympic,blade_chest_2_y,0.8388841190480003,0.01,*viewpoint31
3623,olympic,blade_chest_2_y,0.9116064669609428,0.01,*viewpoint32
3624,olympic,blade_chest_2_y,0.8568016903530286,0.01,*viewpoint33
3625,olympic,blade_chest_2_y,0.841076721067297,0.01,*viewpoint39
3626,olympic,blade_chest_2_y,0.8900683301704158,0.01,*viewpoint47
3627,olympic,blade_chest_2_y,0.8934560952728813,0.01,*viewpoint59
3628,olympic,blade_chest_2_y,0.944672293160237,0.01,*viewpoint63
3629,olympic,blade_chest_2_y,0.8277808106592514,0.01,*viewpoint73
3630,olympic,blade_chest_2_y,0.8474788693721956,0.01,*viewpoint74
3631,olympic,blade_chest_2_y,0.8426503039679161,0.01,*viewpoint77
3632,olympic,blade_chest_2_y,0.8728870964365083,0.01,*viewpoint78
3633,olympic,blade_chest_2_y,0.8714269624840258,0.01,*viewpoint85
3634,olympic,blade_chest_2_y,0.8714416258654509,0.01,*viewpoint87
3635,olympic,blade_chest_2_y,0.90178034470158,0.01,*viewpoint93
3636,olympic,blade_chest_2_y,0.9313546817082732,0.1,*viewpoint02
3637,olympic,blade_chest_2_y,0.7863679411286397,0.1,*viewpoint06
3638,olympic,blade_chest_2_y,0.8481983884728319,0.1,*viewpoint08
3639,olympic,blade_chest_2_y,0.8756125863248579,0.1,*viewpoint10
3640,olympic,blade_chest_2_y,0.8405022709758013,0.1,*viewpoint11
3641,olympic,blade_chest_2_y,0.8640524575381688,0.1,*viewpoint12
3642,olympic,blade_chest_2_y,0.8301561916391067,0.1,*viewpoint21
3643,olympic,blade_chest_2_y,0.8118056762838447,0.1,*viewpoint26
3644,olympic,blade_chest_2_y,0.8668347632644211,0.1,*viewpoint30
3645,olympic,blade_chest_2_y,0.8136749397503347,0.1,*viewpoint31
3646,olympic,blade_chest_2_y,0.9269015153448706,0.1,*viewpoint32
3647,olympic,blade_chest_2_y,0.8588383163717729,0.1,*viewpoint33
3648,olympic,blade_chest_2_y,0.8698205015113002,0.1,*viewpoint39
3649,olympic,blade_chest_2_y,0.8849497514828766,0.1,*viewpoint47
3650,olympic,blade_chest_2_y,0.8905283473255404,0.1,*viewpoint59
3651,olympic,blade_chest_2_y,0.948165783513954,0.1,*viewpoint63
3652,olympic,blade_chest_2_y,0.8486098681261051,0.1,*viewpoint73
3653,olympic,blade_chest_2_y,0.8586715519241246,0.1,*viewpoint74
3654,olympic,blade_chest_2_y,0.8484796182033507,0.1,*viewpoint77
3655,olympic,blade_chest_2_y,0.8799161257330963,0.1,*viewpoint78
3656,olympic,blade_chest_2_y,0.8728619596640391,0.1,*viewpoint85
3657,olympic,blade_chest_2_y,0.8889813986350166,0.1,*viewpoint87
3658,olympic,blade_chest_2_y,0.8800325751143203,0.1,*viewpoint93
3659,olympic,blade_chest_3_y,0.902545876348343,0.001,*viewpoint02
3660,olympic,blade_chest_3_y,0.7777762393820136,0.001,*viewpoint06
3661,olympic,blade_chest_3_y,0.836502899670241,0.001,*viewpoint08
3662,olympic,blade_chest_3_y,0.8659811932659495,0.001,*viewpoint10
3663,olympic,blade_chest_3_y,0.8192667699985406,0.001,*viewpoint11
3664,olympic,blade_chest_3_y,0.8428261756359637,0.001,*viewpoint12
3665,olympic,blade_chest_3_y,0.8375306205086004,0.001,*viewpoint21
3666,olympic,blade_chest_3_y,0.8116238863203481,0.001,*viewpoint26
3667,olympic,blade_chest_3_y,0.8674436249309756,0.001,*viewpoint30
3668,olympic,blade_chest_3_y,0.8377960941394025,0.001,*viewpoint31
3669,olympic,blade_chest_3_y,0.8829878521330944,0.001,*viewpoint32
3670,olympic,blade_chest_3_y,0.8495602342361438,0.001,*viewpoint33
3671,olympic,blade_chest_3_y,0.8596834994652438,0.001,*viewpoint39
3672,olympic,blade_chest_3_y,0.8703157500630923,0.001,*viewpoint47
3673,olympic,blade_chest_3_y,0.8910332678514225,0.001,*viewpoint59
3674,olympic,blade_chest_3_y,0.9450569616046636,0.001,*viewpoint63
3675,olympic,blade_chest_3_y,0.8342257733114288,0.001,*viewpoint73
3676,olympic,blade_chest_3_y,0.9216431529617656,0.001,*viewpoint74
3677,olympic,blade_chest_3_y,0.8554851285924465,0.001,*viewpoint77
3678,olympic,blade_chest_3_y,0.8711652203686139,0.001,*viewpoint78
3679,olympic,blade_chest_3_y,0.8729395461336701,0.001,*viewpoint85
3680,olympic,blade_chest_3_y,0.8707810379815153,0.001,*viewpoint87
3681,olympic,blade_chest_3_y,0.8423361805206052,0.001,*viewpoint93
3682,olympic,blade_chest_3_y,0.9082745604499188,0.01,*viewpoint02
3683,olympic,blade_chest_3_y,0.7895107529057591,0.01,*viewpoint06
3684,olympic,blade_chest_3_y,0.8573437177098816,0.01,*viewpoint08
3685,olympic,blade_chest_3_y,0.8783216444483688,0.01,*viewpoint10
3686,olympic,blade_chest_3_y,0.8254032540255771,0.01,*viewpoint11
3687,olympic,blade_chest_3_y,0.8548573614915349,0.01,*viewpoint12
3688,olympic,blade_chest_3_y,0.858335589925794,0.01,*viewpoint21
3689,olympic,blade_chest_3_y,0.8330878760407112,0.01,*viewpoint26
3690,olympic,blade_chest_3_y,0.8588795118369973,0.01,*viewpoint30
3691,olympic,blade_chest_3_y,0.8506759582295833,0.01,*viewpoint31
3692,olympic,blade_chest_3_y,0.9048539012312126,0.01,*viewpoint32
3693,olympic,blade_chest_3_y,0.8571948945222821,0.01,*viewpoint33
3694,olympic,blade_chest_3_y,0.8724555086103077,0.01,*viewpoint39
3695,olympic,blade_chest_3_y,0.8605998039067942,0.01,*viewpoint47
3696,olympic,blade_chest_3_y,0.890096920558467,0.01,*viewpoint59
3697,olympic,blade_chest_3_y,0.9470879218402156,0.01,*viewpoint63
3698,olympic,blade_chest_3_y,0.8395906232353584,0.01,*viewpoint73
3699,olympic,blade_chest_3_y,0.9229887146344172,0.01,*viewpoint74
3700,olympic,blade_chest_3_y,0.8649014052931954,0.01,*viewpoint77
3701,olympic,blade_chest_3_y,0.8548897336890631,0.01,*viewpoint78
3702,olympic,blade_chest_3_y,0.8802817609901495,0.01,*viewpoint85
3703,olympic,blade_chest_3_y,0.8838101496288853,0.01,*viewpoint87
3704,olympic,blade_chest_3_y,0.8887656168637326,0.01,*viewpoint93
3705,olympic,blade_chest_3_y,0.9378190515333241,0.1,*viewpoint02
3706,olympic,blade_chest_3_y,0.8491089439900891,0.1,*viewpoint06
3707,olympic,blade_chest_3_y,0.8659963915164522,0.1,*viewpoint08
3708,olympic,blade_chest_3_y,0.8847162751509297,0.1,*viewpoint10
3709,olympic,blade_chest_3_y,0.8647908787713546,0.1,*viewpoint11
3710,olympic,blade_chest_3_y,0.8668804200179101,0.1,*viewpoint12
3711,olympic,blade_chest_3_y,0.8699060787670786,0.1,*viewpoint21
3712,olympic,blade_chest_3_y,0.8395914645276052,0.1,*viewpoint26
3713,olympic,blade_chest_3_y,0.8717552839251544,0.1,*viewpoint30
3714,olympic,blade_chest_3_y,0.9091477597363692,0.1,*viewpoint31
3715,olympic,blade_chest_3_y,0.9110939948339528,0.1,*viewpoint32
3716,olympic,blade_chest_3_y,0.8602844779390028,0.1,*viewpoint33
3717,olympic,blade_chest_3_y,0.8924017256909659,0.1,*viewpoint39
3718,olympic,blade_chest_3_y,0.8927791224921258,0.1,*viewpoint47
3719,olympic,blade_chest_3_y,0.8974702752197595,0.1,*viewpoint59
3720,olympic,blade_chest_3_y,0.9500776361648858,0.1,*viewpoint63
3721,olympic,blade_chest_3_y,0.858990819639643,0.1,*viewpoint73
3722,olympic,blade_chest_3_y,0.8685640524883228,0.1,*viewpoint74
3723,olympic,blade_chest_3_y,0.8566624204845436,0.1,*viewpoint77
3724,olympic,blade_chest_3_y,0.8941958800567764,0.1,*viewpoint78
3725,olympic,blade_chest_3_y,0.9005077822603321,0.1,*viewpoint85
3726,olympic,blade_chest_3_y,0.9148083142036046,0.1,*viewpoint87
3727,olympic,blade_chest_3_y,0.889546642474789,0.1,*viewpoint93
3728,olympic,bpr_2,0.9659850036005986,0.001,*viewpoint02
3729,olympic,bpr_2,0.9357531938775318,0.001,*viewpoint06
3730,olympic,bpr_2,0.9462802365737696,0.001,*viewpoint08
3731,olympic,bpr_2,0.9396143369598312,0.001,*viewpoint10
3732,olympic,bpr_2,0.967049786371552,0.001,*viewpoint11
3733,olympic,bpr_2,0.9148773603010252,0.001,*viewpoint12
3734,olympic,bpr_2,0.9591828537866084,0.001,*viewpoint21
3735,olympic,bpr_2,0.9582126383221986,0.001,*viewpoint26
3736,olympic,bpr_2,0.9820802621218876,0.001,*viewpoint30
3737,olympic,bpr_2,0.9527725952851732,0.001,*viewpoint31
3738,olympic,bpr_2,0.9714645977455854,0.001,*viewpoint32
3739,olympic,bpr_2,0.8652337474969847,0.001,*viewpoint33
3740,olympic,bpr_2,0.9630298011991422,0.001,*viewpoint39
3741,olympic,bpr_2,0.9737973964208988,0.001,*viewpoint47
3742,olympic,bpr_2,0.9196899321046104,0.001,*viewpoint59
3743,olympic,bpr_2,0.9510360223318044,0.001,*viewpoint63
3744,olympic,bpr_2,0.9559591762259056,0.001,*viewpoint73
3745,olympic,bpr_2,0.823821844650271,0.001,*viewpoint74
3746,olympic,bpr_2,0.9411829091478828,0.001,*viewpoint77
3747,olympic,bpr_2,0.9800634092174394,0.001,*viewpoint78
3748,olympic,bpr_2,0.9767097296405168,0.001,*viewpoint85
3749,olympic,bpr_2,0.9527118097875078,0.001,*viewpoint87
3750,olympic,bpr_2,0.8894146698644356,0.001,*viewpoint93
3751,olympic,bpr_2,0.9675726867439568,0.01,*viewpoint02
3752,olympic,bpr_2,0.942159158112067,0.01,*viewpoint06
3753,olympic,bpr_2,0.9449057548862748,0.01,*viewpoint08
3754,olympic,bpr_2,0.9397981747849032,0.01,*viewpoint10
3755,olympic,bpr_2,0.9668942161101683,0.01,*viewpoint11
3756,olympic,bpr_2,0.9244833919874832,0.01,*viewpoint12
3757,olympic,bpr_2,0.960575798102262,0.01,*viewpoint21
3758,olympic,bpr_2,0.9571222135196078,0.01,*viewpoint26
3759,olympic,bpr_2,0.9774186133281,0.01,*viewpoint30
3760,olympic,bpr_2,0.9593597418637516,0.01,*viewpoint31
3761,olympic,bpr_2,0.978292859671348,0.01,*viewpoint32
3762,olympic,bpr_2,0.8651611084703428,0.01,*viewpoint33
3763,olympic,bpr_2,0.9655780197109384,0.01,*viewpoint39
3764,olympic,bpr_2,0.9741302315452142,0.01,*viewpoint47
3765,olympic,bpr_2,0.9251731376520228,0.01,*viewpoint59
3766,olympic,bpr_2,0.9616477305683779,0.01,*viewpoint63
3767,olympic,bpr_2,0.9544767642791488,0.01,*viewpoint73
3768,olympic,bpr_2,0.8426334199940335,0.01,*viewpoint74
3769,olympic,bpr_2,0.9367232773760734,0.01,*viewpoint77
3770,olympic,bpr_2,0.9791538592899319,0.01,*viewpoint78
3771,olympic,bpr_2,0.9761078530438976,0.01,*viewpoint85
3772,olympic,bpr_2,0.9524959870946048,0.01,*viewpoint87
3773,olympic,bpr_2,0.8891977713556898,0.01,*viewpoint93
3774,olympic,bpr_2,0.9458342394304056,0.1,*viewpoint02
3775,olympic,bpr_2,0.7780962195226405,0.1,*viewpoint06
3776,olympic,bpr_2,0.951232895797227,0.1,*viewpoint08
3777,olympic,bpr_2,0.9431218635262532,0.1,*viewpoint10
3778,olympic,bpr_2,0.9167319304454672,0.1,*viewpoint11
3779,olympic,bpr_2,0.9466230561806036,0.1,*viewpoint12
3780,olympic,bpr_2,0.945519697374101,0.1,*viewpoint21
3781,olympic,bpr_2,0.9471540005712482,0.1,*viewpoint26
3782,olympic,bpr_2,0.9552630972981792,0.1,*viewpoint30
3783,olympic,bpr_2,0.9826412167410681,0.1,*viewpoint31
3784,olympic,bpr_2,0.9803540900032744,0.1,*viewpoint32
3785,olympic,bpr_2,0.8920148333033437,0.1,*viewpoint33
3786,olympic,bpr_2,0.955812862352992,0.1,*viewpoint39
3787,olympic,bpr_2,0.9721761441971496,0.1,*viewpoint47
3788,olympic,bpr_2,0.9503800049606016,0.1,*viewpoint59
3789,olympic,bpr_2,0.9668634927005284,0.1,*viewpoint63
3790,olympic,bpr_2,0.9459701460542908,0.1,*viewpoint73
3791,olympic,bpr_2,0.8980479549249859,0.1,*viewpoint74
3792,olympic,bpr_2,0.948363029779824,0.1,*viewpoint77
3793,olympic,bpr_2,0.9765335399901688,0.1,*viewpoint78
3794,olympic,bpr_2,0.9746943410505214,0.1,*viewpoint85
3795,olympic,bpr_2,0.8966480110478963,0.1,*viewpoint87
3796,olympic,bpr_2,0.8950855845266596,0.1,*viewpoint93
3797,olympic,bpr_3,0.9727843804992268,0.001,*viewpoint02
3798,olympic,bpr_3,0.94865834069821,0.001,*viewpoint06
3799,olympic,bpr_3,0.9637128981404459,0.001,*viewpoint08
3800,olympic,bpr_3,0.9574009984964068,0.001,*viewpoint10
3801,olympic,bpr_3,0.9742411454915813,0.001,*viewpoint11
3802,olympic,bpr_3,0.9577862053638312,0.001,*viewpoint12
3803,olympic,bpr_3,0.9681385401280098,0.001,*viewpoint21
3804,olympic,bpr_3,0.9742470243864664,0.001,*viewpoint26
3805,olympic,bpr_3,0.9926560433370616,0.001,*viewpoint30
3806,olympic,bpr_3,0.9913852631407156,0.001,*viewpoint31
3807,olympic,bpr_3,0.9848589035576404,0.001,*viewpoint32
3808,olympic,bpr_3,0.8874242001098023,0.001,*viewpoint33
3809,olympic,bpr_3,0.9797730422007658,0.001,*viewpoint39
3810,olympic,bpr_3,0.9853075622930942,0.001,*viewpoint47
3811,olympic,bpr_3,0.9568537652797854,0.001,*viewpoint59
3812,olympic,bpr_3,0.9697103470569568,0.001,*viewpoint63
3813,olympic,bpr_3,0.9688997177963442,0.001,*viewpoint73
3814,olympic,bpr_3,0.918745479852618,0.001,*viewpoint74
3815,olympic,bpr_3,0.9460019509089872,0.001,*viewpoint77
3816,olympic,bpr_3,0.9910465306877976,0.001,*viewpoint78
3817,olympic,bpr_3,0.9879600638192756,0.001,*viewpoint85
3818,olympic,bpr_3,0.9599411445153032,0.001,*viewpoint87
3819,olympic,bpr_3,0.9318358931622336,0.001,*viewpoint93
3820,olympic,bpr_3,0.9719859936362406,0.01,*viewpoint02
3821,olympic,bpr_3,0.9556649371526136,0.01,*viewpoint06
3822,olympic,bpr_3,0.9634308354531392,0.01,*viewpoint08
3823,olympic,bpr_3,0.9564139213776942,0.01,*viewpoint10
3824,olympic,bpr_3,0.9680420342526108,0.01,*viewpoint11
3825,olympic,bpr_3,0.9607173129296658,0.01,*viewpoint12
3826,olympic,bpr_3,0.9735546684775758,0.01,*viewpoint21
3827,olympic,bpr_3,0.9775065388281744,0.01,*viewpoint26
3828,olympic,bpr_3,0.9920181225621096,0.01,*viewpoint30
3829,olympic,bpr_3,0.9912745427186922,0.01,*viewpoint31
3830,olympic,bpr_3,0.9869732438972,0.01,*viewpoint32
3831,olympic,bpr_3,0.8897356948417858,0.01,*viewpoint33
3832,olympic,bpr_3,0.979841403931874,0.01,*viewpoint39
3833,olympic,bpr_3,0.9865364099484978,0.01,*viewpoint47
3834,olympic,bpr_3,0.9642021470502558,0.01,*viewpoint59
3835,olympic,bpr_3,0.9701387447498308,0.01,*viewpoint63
3836,olympic,bpr_3,0.9729819954840084,0.01,*viewpoint73
3837,olympic,bpr_3,0.9212548404420308,0.01,*viewpoint74
3838,olympic,bpr_3,0.9451680848292888,0.01,*viewpoint77
3839,olympic,bpr_3,0.9905685602273347,0.01,*viewpoint78
3840,olympic,bpr_3,0.9879600638192756,0.01,*viewpoint85
3841,olympic,bpr_3,0.9642327806259796,0.01,*viewpoint87
3842,olympic,bpr_3,0.9349436843179249,0.01,*viewpoint93
3843,olympic,bpr_3,0.949054192955368,0.1,*viewpoint02
3844,olympic,bpr_3,0.7780962195226405,0.1,*viewpoint06
3845,olympic,bpr_3,0.951232895797227,0.1,*viewpoint08
3846,olympic,bpr_3,0.9431218635262532,0.1,*viewpoint10
3847,olympic,bpr_3,0.9167319304454672,0.1,*viewpoint11
3848,olympic,bpr_3,0.9623198177379216,0.1,*viewpoint12
3849,olympic,bpr_3,0.9510649637248194,0.1,*viewpoint21
3850,olympic,bpr_3,0.9471540005712482,0.1,*viewpoint26
3851,olympic,bpr_3,0.9575601052506388,0.1,*viewpoint30
3852,olympic,bpr_3,0.9826412167410681,0.1,*viewpoint31
3853,olympic,bpr_3,0.9853379305987384,0.1,*viewpoint32
3854,olympic,bpr_3,0.8920148333033437,0.1,*viewpoint33
3855,olympic,bpr_3,0.955812862352992,0.1,*viewpoint39
3856,olympic,bpr_3,0.9721761441971496,0.1,*viewpoint47
3857,olympic,bpr_3,0.9661700584816476,0.1,*viewpoint59
3858,olympic,bpr_3,0.97225914861626,0.1,*viewpoint63
3859,olympic,bpr_3,0.9459701460542908,0.1,*viewpoint73
3860,olympic,bpr_3,0.9509379610108708,0.1,*viewpoint74
3861,olympic,bpr_3,0.949298403178765,0.1,*viewpoint77
3862,olympic,bpr_3,0.9765335399901688,0.1,*viewpoint78
3863,olympic,bpr_3,0.9746943410505214,0.1,*viewpoint85
3864,olympic,bpr_3,0.8966480110478963,0.1,*viewpoint87
3865,olympic,bpr_3,0.9045576552614172,0.1,*viewpoint93
3866,olympic,crowdbt,0.9449560885995902,0.001,*viewpoint02
3867,olympic,crowdbt,0.7770176832474205,0.001,*viewpoint06
3868,olympic,crowdbt,0.9501323849733956,0.001,*viewpoint08
3869,olympic,crowdbt,0.9422528256343744,0.001,*viewpoint10
3870,olympic,crowdbt,0.9163107493634056,0.001,*viewpoint11
3871,olympic,crowdbt,0.9463232390062656,0.001,*viewpoint12
3872,olympic,crowdbt,0.9452106793815859,0.001,*viewpoint21
3873,olympic,crowdbt,0.9465893461909086,0.001,*viewpoint26
3874,olympic,crowdbt,0.9551642343390284,0.001,*viewpoint30
3875,olympic,crowdbt,0.9826412167410681,0.001,*viewpoint31
3876,olympic,crowdbt,0.9801539850543718,0.001,*viewpoint32
3877,olympic,crowdbt,0.8907131076825875,0.001,*viewpoint33
3878,olympic,crowdbt,0.955619757884575,0.001,*viewpoint39
3879,olympic,crowdbt,0.9720851707081116,0.001,*viewpoint47
3880,olympic,crowdbt,0.9508672275199038,0.001,*viewpoint59
3881,olympic,crowdbt,0.9667551728786328,0.001,*viewpoint63
3882,olympic,crowdbt,0.945578347634676,0.001,*viewpoint73
3883,olympic,crowdbt,0.8984409585310303,0.001,*viewpoint74
3884,olympic,crowdbt,0.9289572147863278,0.001,*viewpoint77
3885,olympic,crowdbt,0.9766170963185298,0.001,*viewpoint78
3886,olympic,crowdbt,0.9747919481740841,0.001,*viewpoint85
3887,olympic,crowdbt,0.8957533095889113,0.001,*viewpoint87
3888,olympic,crowdbt,0.8947831095434088,0.001,*viewpoint93
3889,olympic,crowdbt,0.9449560885995902,0.01,*viewpoint02
3890,olympic,crowdbt,0.7770176832474205,0.01,*viewpoint06
3891,olympic,crowdbt,0.9501323849733956,0.01,*viewpoint08
3892,olympic,crowdbt,0.9422528256343744,0.01,*viewpoint10
3893,olympic,crowdbt,0.9163107493634056,0.01,*viewpoint11
3894,olympic,crowdbt,0.9463232390062656,0.01,*viewpoint12
3895,olympic,crowdbt,0.9452106793815859,0.01,*viewpoint21
3896,olympic,crowdbt,0.9465893461909086,0.01,*viewpoint26
3897,olympic,crowdbt,0.9551642343390284,0.01,*viewpoint30
3898,olympic,crowdbt,0.9826412167410681,0.01,*viewpoint31
3899,olympic,crowdbt,0.9801539850543718,0.01,*viewpoint32
3900,olympic,crowdbt,0.8907131076825875,0.01,*viewpoint33
3901,olympic,crowdbt,0.955619757884575,0.01,*viewpoint39
3902,olympic,crowdbt,0.9720851707081116,0.01,*viewpoint47
3903,olympic,crowdbt,0.9508672275199038,0.01,*viewpoint59
3904,olympic,crowdbt,0.9667551728786328,0.01,*viewpoint63
3905,olympic,crowdbt,0.945578347634676,0.01,*viewpoint73
3906,olympic,crowdbt,0.8984409585310303,0.01,*viewpoint74
3907,olympic,crowdbt,0.9289572147863278,0.01,*viewpoint77
3908,olympic,crowdbt,0.9766170963185298,0.01,*viewpoint78
3909,olympic,crowdbt,0.9747919481740841,0.01,*viewpoint85
3910,olympic,crowdbt,0.8957533095889113,0.01,*viewpoint87
3911,olympic,crowdbt,0.8947831095434088,0.01,*viewpoint93
3912,olympic,crowdbt,0.945049134839126,0.1,*viewpoint02
3913,olympic,crowdbt,0.7893668669305346,0.1,*viewpoint06
3914,olympic,crowdbt,0.9513696760088892,0.1,*viewpoint08
3915,olympic,crowdbt,0.9416288391872516,0.1,*viewpoint10
3916,olympic,crowdbt,0.9215904141644848,0.1,*viewpoint11
3917,olympic,crowdbt,0.944300824349006,0.1,*viewpoint12
3918,olympic,crowdbt,0.9463754296990332,0.1,*viewpoint21
3919,olympic,crowdbt,0.9483395341132576,0.1,*viewpoint26
3920,olympic,crowdbt,0.9564665124135516,0.1,*viewpoint30
3921,olympic,crowdbt,0.9832658580242808,0.1,*viewpoint31
3922,olympic,crowdbt,0.9791122339770324,0.1,*viewpoint32
3923,olympic,crowdbt,0.8896881490728695,0.1,*viewpoint33
3924,olympic,crowdbt,0.9568553117662892,0.1,*viewpoint39
3925,olympic,crowdbt,0.972748353406096,0.1,*viewpoint47
3926,olympic,crowdbt,0.9499032757345812,0.1,*viewpoint59
3927,olympic,crowdbt,0.9663777983380308,0.1,*viewpoint63
3928,olympic,crowdbt,0.9475967283885832,0.1,*viewpoint73
3929,olympic,crowdbt,0.8965634794896551,0.1,*viewpoint74
3930,olympic,crowdbt,0.9311349336596862,0.1,*viewpoint77
3931,olympic,crowdbt,0.9780905294468876,0.1,*viewpoint78
3932,olympic,crowdbt,0.9749292944070416,0.1,*viewpoint85
3933,olympic,crowdbt,0.8981419336412785,0.1,*viewpoint87
3934,olympic,crowdbt,0.8942004997672913,0.1,*viewpoint93
3935,olympic,bt,0.9523538291607616,0.001,*viewpoint02
3936,olympic,bt,0.7555565323403254,0.001,*viewpoint06
3937,olympic,bt,0.9134295392974358,0.001,*viewpoint08
3938,olympic,bt,0.9182159826406384,0.001,*viewpoint10
3939,olympic,bt,0.8784704051708812,0.001,*viewpoint11
3940,olympic,bt,0.9131155626815204,0.001,*viewpoint12
3941,olympic,bt,0.9147761116476214,0.001,*viewpoint21
3942,olympic,bt,0.8892709008968919,0.001,*viewpoint26
3943,olympic,bt,0.9184679684982536,0.001,*viewpoint30
3944,olympic,bt,0.9439657710682255,0.001,*viewpoint31
3945,olympic,bt,0.9694653597091442,0.001,*viewpoint32
3946,olympic,bt,0.8560767512812877,0.001,*viewpoint33
3947,olympic,bt,0.9196277281187788,0.001,*viewpoint39
3948,olympic,bt,0.940391231607843,0.001,*viewpoint47
3949,olympic,bt,0.9143032216317832,0.001,*viewpoint59
3950,olympic,bt,0.9575214569744176,0.001,*viewpoint63
3951,olympic,bt,0.8979905805484626,0.001,*viewpoint73
3952,olympic,bt,0.8699537381504929,0.001,*viewpoint74
3953,olympic,bt,0.9027412127755784,0.001,*viewpoint77
3954,olympic,bt,0.948238145027689,0.001,*viewpoint78
3955,olympic,bt,0.9449028082193772,0.001,*viewpoint85
3956,olympic,bt,0.866431408985583,0.001,*viewpoint87
3957,olympic,bt,0.8677178001937298,0.001,*viewpoint93
3958,olympic,bt,0.9523538291607616,0.01,*viewpoint02
3959,olympic,bt,0.7555565323403254,0.01,*viewpoint06
3960,olympic,bt,0.9134295392974358,0.01,*viewpoint08
3961,olympic,bt,0.9182159826406384,0.01,*viewpoint10
3962,olympic,bt,0.8784704051708812,0.01,*viewpoint11
3963,olympic,bt,0.9131155626815204,0.01,*viewpoint12
3964,olympic,bt,0.9147761116476214,0.01,*viewpoint21
3965,olympic,bt,0.8892709008968919,0.01,*viewpoint26
3966,olympic,bt,0.9184679684982536,0.01,*viewpoint30
3967,olympic,bt,0.9439657710682255,0.01,*viewpoint31
3968,olympic,bt,0.9694653597091442,0.01,*viewpoint32
3969,olympic,bt,0.8560767512812877,0.01,*viewpoint33
3970,olympic,bt,0.9196277281187788,0.01,*viewpoint39
3971,olympic,bt,0.940391231607843,0.01,*viewpoint47
3972,olympic,bt,0.9143032216317832,0.01,*viewpoint59
3973,olympic,bt,0.9575214569744176,0.01,*viewpoint63
3974,olympic,bt,0.8979905805484626,0.01,*viewpoint73
3975,olympic,bt,0.8699537381504929,0.01,*viewpoint74
3976,olympic,bt,0.9027412127755784,0.01,*viewpoint77
3977,olympic,bt,0.948238145027689,0.01,*viewpoint78
3978,olympic,bt,0.9449028082193772,0.01,*viewpoint85
3979,olympic,bt,0.866431408985583,0.01,*viewpoint87
3980,olympic,bt,0.8677178001937298,0.01,*viewpoint93
3981,olympic,bt,0.9523071634404612,0.1,*viewpoint02
3982,olympic,bt,0.7560737072839577,0.1,*viewpoint06
3983,olympic,bt,0.9139814629196148,0.1,*viewpoint08
3984,olympic,bt,0.9185926614484172,0.1,*viewpoint10
3985,olympic,bt,0.8790221778465567,0.1,*viewpoint11
3986,olympic,bt,0.9134639844618302,0.1,*viewpoint12
3987,olympic,bt,0.9145549482961082,0.1,*viewpoint21
3988,olympic,bt,0.8887537510646648,0.1,*viewpoint26
3989,olympic,bt,0.9191846377028048,0.1,*viewpoint30
3990,olympic,bt,0.9437681104158742,0.1,*viewpoint31
3991,olympic,bt,0.9696801815749848,0.1,*viewpoint32
3992,olympic,bt,0.8562370226417515,0.1,*viewpoint33
3993,olympic,bt,0.9197970710179488,0.1,*viewpoint39
3994,olympic,bt,0.94085538066771,0.1,*viewpoint47
3995,olympic,bt,0.9141592506052943,0.1,*viewpoint59
3996,olympic,bt,0.9578415348453958,0.1,*viewpoint63
3997,olympic,bt,0.8981352978331296,0.1,*viewpoint73
3998,olympic,bt,0.870364173814367,0.1,*viewpoint74
3999,olympic,bt,0.9038264291174736,0.1,*viewpoint77
4000,olympic,bt,0.9485294510018843,0.1,*viewpoint78
4001,olympic,bt,0.9451123796919281,0.1,*viewpoint85
4002,olympic,bt,0.8672421334829437,0.1,*viewpoint87
4003,olympic,bt,0.8668518780446647,0.1,*viewpoint93
